0.0	0.0	0.0	0.0	0.0	0.0	1.0
0.0	0.0	0.0	0.0	0.0	0.0	1.0
0.009775019309051832	0.16392220666968335	0.053273953649135834	-0.007204057414318057	-0.0013241665105146693	-0.0019319655443242926	0.9999713074128473
0.059304774644942104	0.5959011083388163	0.2503336152991043	-0.031690667366586274	0.03291938204359059	-0.059099536449895664	0.9972057263569719
0.10143233898799142	1.0736753099332876	0.5665826773620515	-0.08670853395236601	0.06384093623051373	-0.13880661181131018	0.9844484189222446
0.10713197802499463	1.401202883842957	0.8978764271063499	-0.08148502629179942	0.1527578254266231	-0.12982494595148925	0.9763046249351925
0.117774959737353	1.5186762267127327	1.1092119258607944	-0.11420728794586894	0.1850541432892006	-0.07097678841512686	0.973485467245312
0.12675891053290983	1.5071657910031688	1.1834681069949378	-0.12176063968264458	0.21202171324825408	-0.06828487590178409	0.967242635256752
0.13964901010447975	1.4933492152730636	1.2203455481980423	-0.11952440893558082	0.2033661224241333	-0.05981707308510201	0.9699371390385585
0.15473681910775064	1.4866427757957807	1.231311806423796	-0.11846334863255711	0.19209111426421718	-0.06795247874282963	0.9718281223982962
0.16799657323655118	1.48062834464432	1.2312209740424354	-0.11578898705911646	0.18966414209938542	-0.06314132350520021	0.9729509735559851
0.18781553405871831	1.4820101956625755	1.2351657509517169	-0.12298515632767665	0.1947262422046685	-0.07960569047968187	0.9698552860933216
0.21518675833539563	1.4932397815418543	1.2250605419210199	-0.13096612086773304	0.2073249452993266	-0.08684180131109673	0.9655686116411062
0.23711735914451987	1.501098683478297	1.2085634100810558	-0.14254195528568966	0.20871275943200926	-0.09788700278316022	0.9625689116732049
0.2344845311053879	1.500513855012965	1.1918515698359529	-0.13265656437973017	0.2130975884268128	-0.11396842936712355	0.9612506701382496
0.23519407967703992	1.4972228308025373	1.1789942055715394	-0.1296770401976128	0.2234865573645243	-0.11846830926159858	0.958750688982093
0.25516717075058076	1.499286373865289	1.1732736492750302	-0.1367049608826656	0.22889632755270187	-0.11903737008951232	0.9564247641216362
0.2764921073372974	1.5032414468387838	1.164509425224089	-0.13869533553850566	0.22590301943308627	-0.10925223582779342	0.9580163770403427
0.2889727392435212	1.4952144127692237	1.156993164619793	-0.13011605831743903	0.23822255406884454	-0.10256505257090323	0.9569745221749516
0.3004551447056756	1.4820464561570281	1.1524308142502535	-0.12063660188360129	0.23489930013884905	-0.09634742393868191	0.9596803129066658
0.3262338213277208	1.4793368993825902	1.1480156929807894	-0.12089562183630552	0.2426052342772279	-0.08100289141273267	0.959148309963001
0.36868142684062166	1.5015178843917938	1.1421053122683382	-0.12561098435956541	0.2565997207019819	-0.0701945427324557	0.9557464047091504
0.42702112685351007	1.5289988467849522	1.1340149324174498	-0.1249487654050407	0.2586595070876158	-0.05467074391854976	0.9562918880636496
0.47565670009570893	1.5357962569716996	1.1311784965625522	-0.11264719025416922	0.26617322995356907	-0.03246126877974293	0.9567699243878511
0.5135414874704701	1.5275111444704472	1.149061978322192	-0.1117796404672925	0.2697500033025593	-0.01247333872729041	0.95633919898552
0.5547085559986267	1.5181086222500773	1.1799256138035925	-0.10993761705923942	0.2683253435435477	0.006830770498925692	0.957010225097916
0.5863146010848266	1.4957486259046202	1.1973425406873024	-0.10573914854151656	0.2587415124997031	0.011632530202155966	0.9600712194499826
0.6149625658320269	1.4681521598077325	1.200373979364466	-0.09971238529111294	0.2613820171445439	0.028897211684065182	0.9596363021946867
0.6550664938612267	1.4566306940935017	1.2000808084034147	-0.08664520296664066	0.25583391806036887	0.044075121583816816	0.9618206687476214
0.6886211796541012	1.4526965538829841	1.198861386965113	-0.0841332964607373	0.25146668239093434	0.04810631650923191	0.9630014944878642
0.6971171556292775	1.4416758024037946	1.2072004045684523	-0.08259165122812342	0.251380975642935	0.060752262398639276	0.9624424070279035
0.7036465930634368	1.4332475922412347	1.2244299534554985	-0.07324966899653126	0.2529088546695872	0.07169073235956346	0.9620457557285752
0.729171702374263	1.4279901324140418	1.240124056196346	-0.059278980492289406	0.2502439561677123	0.08660503506354715	0.9624778089779361
0.7557575818064443	1.4172457839861632	1.2487758041181174	-0.05722843106165041	0.25141008326572184	0.09955989495236368	0.9610440697635144
0.7719218938604006	1.4056671948442652	1.2485871043411894	-0.05412241868635762	0.24857975429458418	0.11804028786424908	0.9598673658330653
0.8035626513572106	1.3754421536145267	1.2419681963294589	-0.042206480537040646	0.2551174665321387	0.13312905169388625	0.9567707911856349
0.8557712211293661	1.3416573651277552	1.2284214511260252	-0.04185469694920213	0.25876874444702874	0.14860796451244512	0.9535211555723693
0.9203354487175602	1.316744018316262	1.21351599288562	-0.03533329574806992	0.26848910844252133	0.1727948038029392	0.9469990035042397
0.9629335923692004	1.281763135300358	1.200622583888212	-0.030865385988572254	0.26012424463558315	0.19255422046235338	0.9456773114983138
0.9756223721855329	1.2573766631024936	1.193314592011636	-0.035212829694780935	0.24491904355935637	0.2032578213487804	0.947344170187057
0.9855667769176608	1.2489917451569088	1.1969852370143756	-0.04830919596795578	0.2451720535505528	0.21352085759896505	0.9444393729154544
1.007741651410599	1.2302376476716272	1.198617843611932	-0.04792753059689579	0.24302289376032218	0.22955934304193204	0.9412466907997069
1.0458762555970207	1.2038615620302846	1.197960955914116	-0.05342731835718224	0.252116751172245	0.23206823663696446	0.9379376306427428
1.0690070738844624	1.180107536444903	1.207230179541357	-0.05008561869787716	0.2457776382167965	0.23335002561886756	0.9394852574127484
1.0758429213899683	1.1524837641258128	1.2237589828319722	-0.036394305903147135	0.24375288480785967	0.24130683049174384	0.9386325155265521
1.0870753018129178	1.120294952549676	1.253341316253807	-0.02097343185523186	0.2395109696711629	0.2493773585010134	0.9380861067249904
1.1031571376993314	1.09675585538092	1.2898760455021259	-0.019759512815570385	0.23692842223332927	0.2628417345707847	0.9350875397304456
1.1237321628597212	1.0710993007810519	1.301724688079663	-0.01718816138624129	0.22937003634535624	0.2867271414360925	0.9299900536559396
1.1486114469926203	1.0406345623793691	1.2951500307100736	-0.013037630610650181	0.22071778028968772	0.30855056511326956	0.9251541657585157
1.1799435651517518	1.0180219033692857	1.2965934555746796	0.002762411506184365	0.22542015408161206	0.323634302917916	0.9189335999904058
1.2116033588531683	0.9986707086131987	1.3061107539840373	0.008458121061403912	0.22447440877843342	0.33785516747700906	0.9139986793211275
1.249391680972714	0.9805282862972345	1.3134442048663064	0.019274419396492538	0.2227059784806563	0.35368761782441643	0.9082596616076214
1.2900099719606324	0.9588985651963684	1.3110471430204114	0.026742855585567597	0.23547498086931068	0.36914317228649707	0.8986488031561544
1.31463453808714	0.9157828892961793	1.2975143969263387	0.022377939014105404	0.24164906827042104	0.389913052091305	0.8882976795299882
1.3316847121694106	0.8730628373278442	1.2760359214218686	0.01750028520310222	0.2559883632292238	0.40503733344066595	0.8775582353486905
1.3438168636034062	0.8518360592497464	1.2577785699127952	0.006878172951155712	0.2646356967758882	0.41843672544526794	0.8688103046853412
1.3445691833195996	0.8232280669793354	1.2552237155404569	0.005966903209178309	0.26356575314169695	0.4279449575241964	0.8645002042605634
1.3371221538379359	0.7937658730911197	1.262569556772292	-0.002132539066840237	0.2605591851732879	0.43199965237182875	0.8634122211606572
1.330194196630735	0.7735484825756103	1.262212111014255	0.008899611316171051	0.25506526343689284	0.42946378896748943	0.8662697976219517
1.3273398175389324	0.7464580654994998	1.2595158816625827	0.01246868818613145	0.2541768935292919	0.42194737649074576	0.8701718508911287
1.3475620525690764	0.7003348616819657	1.2737774044924046	0.01493521738633756	0.24357191779920906	0.4259224295859216	0.8712288701121329
1.368982727478701	0.6469839846665913	1.2986030891222624	0.014801237961913766	0.22600747586369582	0.4398192714406527	0.8690572781341452
1.3732350254290873	0.6115422215881441	1.3092666415934333	0.012358234946688636	0.2130721625602735	0.44624360720317646	0.8690881259119744
1.3848072386696268	0.5914332869967018	1.302018038113269	0.018033043015731706	0.20564831322622232	0.46229499195509477	0.8623612474131946
1.3997463703434116	0.5606153395330089	1.2911080607392795	0.022435727432525518	0.2078758919552502	0.47670444740596274	0.8538367065790496
1.408906406837565	0.49812875177620003	1.285294511281197	0.028876576552398683	0.20620933917811227	0.4886501964425931	0.847269046571958
1.4220012438205756	0.43596480479906774	1.2834709546560301	0.035048952748096364	0.20266907291343883	0.5076208608066513	0.8366707114926296
1.4342492199200827	0.40154764868886217	1.288129821170036	0.030767114204639567	0.20077888041440187	0.5245368516041137	0.8268024656302749
1.4224805182819569	0.3771052033283101	1.2973278803516597	0.03345916518215294	0.19748958052370882	0.5233705957072212	0.8282279694618815
1.3994960696082344	0.3452634468692998	1.3040533364206794	0.027773936876183715	0.19157202978232646	0.5253542715805265	0.8285720579210788
1.3944171527842812	0.30633016056659385	1.2952762721167204	0.03922307381831921	0.18594268695325578	0.5296113744280239	0.8266792967803813
1.4010574898673391	0.27266717473649155	1.272837107867561	0.03631982397401311	0.18984068562096182	0.5287199849958494	0.8264965589374518
1.4115501849436398	0.24128666725172132	1.2514581114761179	0.0360799225964717	0.19564315488676792	0.5240688004748087	0.8281146584261625
1.4176733534977632	0.20283334847783185	1.2371089658265648	0.04071579473037649	0.19033012488650772	0.5224459465225719	0.8301607679132362
1.4025263482036032	0.16484424644174844	1.2425813303439543	0.04523647580195247	0.19187827404574745	0.5144589964380124	0.8345467813072179
1.3775708768702917	0.13827600809642798	1.2647431288035698	0.042214852585604	0.18539641154190412	0.5232503660215025	0.8306955707519599
1.3736366442150025	0.12280976048261251	1.2865078999882098	0.04253346705412054	0.1776002624956324	0.5297871764633663	0.8282358351320067
1.3844879598613289	0.09328088061778142	1.2989546870449609	0.04362416314844077	0.16716852504972537	0.5365103704126902	0.8260195149401348
1.4095864655209265	0.02605199824517654	1.3085475877823418	0.034418207910709306	0.16050172692458572	0.5425333967147038	0.8238398485553164
1.452273794489244	-0.055639896495917274	1.3315150532538211	0.03310989345179181	0.1507770411832101	0.5516560511305828	0.819661893745622
1.4924530675947612	-0.11871235640353736	1.3537928863341875	0.04415370916726103	0.1435818175212077	0.5592399191723134	0.8152824200534584
1.5117225862146895	-0.15310788471905537	1.343405731220511	0.046341939051231434	0.14245847416928786	0.5659840918533093	0.810691072845455
1.4931143641405695	-0.17894962330984698	1.3107420145630104	0.04034434272492394	0.13271055333891812	0.5716597378463619	0.8086812642617615
1.4584701832518276	-0.20167891347019531	1.2819376163529275	0.029617281649332677	0.1378553497437804	0.5674426541918376	0.8112506107106773
1.44162947036289	-0.2178634656397464	1.2670906452285413	0.02858328319518458	0.12810420585691298	0.5663530849557259	0.8136439586973444
1.4577148789895031	-0.2413555088954814	1.2718993795690698	0.026199969636450417	0.1190688760230885	0.5591766599640113	0.8200351378478485
1.469679362271631	-0.2603267479804211	1.2861365883005582	0.024562018102511313	0.11602834761630465	0.5558993014257675	0.8227454627589906
1.449120462098763	-0.2687118542996969	1.302470068170904	0.02830542214827694	0.12481552114145837	0.5480326609729916	0.8266075799713284
1.4268589038890223	-0.27914113738695306	1.3117585289458866	0.03282523007511636	0.1283516665376267	0.5462823723272199	0.8270573883667773
1.4151575872250837	-0.30793749658651987	1.3006548343107447	0.031407398917632286	0.12803124552303427	0.5393036572981548	0.8317290067611468
1.4104446938392186	-0.35759071036868667	1.2797590940259507	0.03963735169572751	0.12254331451660795	0.5384980008877488	0.8327255967350417
1.4074338761011258	-0.3993733162983744	1.2633503741021632	0.03343220594373229	0.12132463265257443	0.5484702383950334	0.826645642771042
1.3956402984659853	-0.42872099027705135	1.248477002876437	0.020547627808854396	0.11496070071905135	0.5545088652996137	0.8239428078366535
1.393829902607393	-0.45822280855067654	1.239273283034743	0.01901105967696147	0.11505689267759052	0.5588062229345198	0.8210579128581567
1.4033293933154571	-0.5009347107425177	1.2509013416765273	0.015146034238321853	0.10176907900227322	0.5543274046372553	0.825914511722615
1.406089569660711	-0.5567654485410171	1.2683560792114297	0.02021122462787238	0.09123462294461678	0.5450090306256234	0.8332064009065903
1.411647304408124	-0.5913124968639647	1.2690181681317836	0.017249296997528984	0.09379818973772348	0.5409486295915393	0.8356308643761627
1.4196070910819774	-0.6064841361308456	1.2543609938544453	0.01846075201784776	0.09906592596828781	0.535709152383161	0.838367966348844
1.408911562824585	-0.6470480950247615	1.2350807691252013	0.0296080749798898	0.0857813579595867	0.5303047707888463	0.8429363977200082
1.390646302728143	-0.7130383718102411	1.2301366324531282	0.02425108685373312	0.08790881152537662	0.5261622058993198	0.8454804898551891
1.3902194771148966	-0.7434772011150024	1.242543326371107	0.026723986385077704	0.09629029324771798	0.5226981792166376	0.8466407865332088
1.3938120556460747	-0.7373835644397808	1.2523973686482441	0.03326325404757045	0.09376117961369236	0.5269141868853305	0.8440757292960074
1.3848590546347097	-0.7481146315975059	1.2473949744499728	0.03606235927800305	0.08840144635180272	0.5341110155694702	0.8400060199626922
1.366124924556425	-0.7783205353732633	1.2416639468005446	0.03889262204048106	0.0872097142224189	0.5449964383762511	0.8329830201470264
1.3506465116991229	-0.8213178558453363	1.2521529129982958	0.03736037834971161	0.08773465861588382	0.5569051736515059	0.825083910500809
1.3400714959442668	-0.8842484989349173	1.2733578061566209	0.035424490015783024	0.08261602437925775	0.5755978654244978	0.8127772113818457
1.3346493162256419	-0.9466817817094237	1.3030183468084686	0.03441590295500341	0.08028414249658053	0.5931782627634067	0.8003184058063187
1.3611992981975727	-1.010863148327366	1.3487433967094293	0.044476195766436286	0.0770749079217238	0.6051788201150627	0.7911004501725075
1.369984947033565	-1.063088836760337	1.3892102089122218	0.03802933909883404	0.07334935877835438	0.6139114739353209	0.7850390710691233
1.332699858915045	-1.0911423989110849	1.3982978458623165	0.03468233950437093	0.06617765916969175	0.6369242258616143	0.7672973238998733
1.319860636971729	-1.132196691323682	1.3929388801828895	0.028937708954673114	0.06356893697034831	0.6460996982948114	0.7600505108979722
1.3389756189452189	-1.1916670807356797	1.4110594492362962	0.016062188592315615	0.06338021986180674	0.6453149928387537	0.7611133383704515
1.3700748533166773	-1.2693954262377745	1.4555491905249751	0.022584855781583407	0.0557820338561659	0.6502962073228882	0.7572932930705659
1.363210523632643	-1.31472696717728	1.5078263075679998	0.02211246271126926	0.05662007440963236	0.6657331467193885	0.743710013060058
1.3225326309974028	-1.3442367601317085	1.586444427564626	0.007088953715465864	0.0516387816392012	0.6803026799981295	0.7310755409349992
1.3238608136694794	-1.4183927885008538	1.6989482065710337	0.006311318255314153	0.059906948689079496	0.6892690538803741	0.7219968809652145
1.3480295710252372	-1.4977340055945394	1.8102746679862325	0.012113533200973732	0.06075915623062482	0.700916411501041	0.7105475151853217
1.3653379013385982	-1.5808236737620567	1.927268936167475	0.0071000333005947595	0.047544855042890584	0.7210313716724849	0.6912328387382765
1.3420013669944468	-1.6344619243068341	2.032180475438163	0.005011308481847311	0.047093382014677436	0.7437973445279892	0.6667252885790603
1.2720887637063436	-1.6378987722955785	2.056575951248877	-0.008448579506141913	0.047998895029707854	0.7575650391619103	0.6509377382053286
1.1754180794736346	-1.5948229104012088	1.9506378995014444	-0.02226650699683624	0.053541471740825804	0.7659676862808589	0.6402585548382262
1.0823081575105593	-1.5289973951323386	1.7538681824056401	-0.02133400467305074	0.06511933830469424	0.7920589295703051	0.6065863368979816
1.0218012980369766	-1.5076910827622623	1.5829424696382626	-0.04306960517803097	0.058390366907723146	0.8014928688497296	0.5935863503697
0.9619135742470081	-1.5141436591055102	1.489810088163023	-0.0423734372182989	0.05497290105559228	0.8141333303536703	0.5765148674362879
0.8935085982318927	-1.5353776513407142	1.4556488099894258	-0.04093008526424515	0.05288164419665365	0.8321980188893477	0.5504313918954525
0.8351093158061775	-1.5662828228609034	1.4478311130975863	-0.04460543828363256	0.05049172273050882	0.8383386726327914	0.5409706191462902
0.8048768556416916	-1.587552329343942	1.4430973277328816	-0.05569804122141844	0.04803507706919987	0.8371085207107916	0.5420698148102732
0.7879521696866234	-1.6061426928276066	1.4257771686654435	-0.057926389997541065	0.04813838246449776	0.8458489729844242	0.5280783506041028
0.7796147545037799	-1.6203387705825305	1.4018427955357113	-0.05322216964942011	0.051472448072679616	0.8533212423661164	0.516101584064573
0.7597579723483812	-1.6281680003496606	1.3949775558215276	-0.0522295953356211	0.04659371087514179	0.8607648499665226	0.5041675996532018
0.7130296731728434	-1.6370223725394994	1.4057952801105233	-0.05032874522477204	0.04686818630506647	0.869787942180539	0.4886095845907211
0.679977776221365	-1.6613212289153705	1.4074618594439585	-0.04469134347553213	0.03716511490847715	0.8833614454918299	0.4650741819008842
0.6818904416769451	-1.734709731180027	1.410672465372504	-0.05414756644329522	0.038711076700458986	0.8935914062795601	0.4439187901094955
0.6831595124801653	-1.8202775136339162	1.4380324751199087	-0.05126596296719703	0.046982408153503526	0.9061129628798307	0.41728138332098924
0.6446498344041623	-1.8395572016808566	1.4559618718724683	-0.051077913977375045	0.040690326651175036	0.9185773020514154	0.3898090355246828
0.5949178107397365	-1.827292893179154	1.4473933237234387	-0.052715890648849545	0.030740966400030184	0.9253443405386864	0.3741842852003736
0.5441124020981429	-1.8194332785386098	1.4349036419781385	-0.056022312581017565	0.023863281162096555	0.9334735599418362	0.35343904311036234
0.47335644955610995	-1.7941051368241143	1.4173109579950027	-0.05929028903163275	0.03284929264960915	0.9400457630747405	0.33424474404872034
0.41180205062389547	-1.7647720583008506	1.3882352483916454	-0.08072706767142096	0.032049075006358535	0.9379017336204294	0.3358516568489783
0.3923937898344968	-1.7631800339089232	1.3628644963696188	-0.08723966829217603	0.03346897626775799	0.9360271267741399	0.3392967518954574
0.3767473156718299	-1.7609664855896596	1.342395771785779	-0.08740104250211961	0.02396460292048001	0.9349356759031723	0.34304815624032264
0.34576206385045877	-1.7464025092143047	1.3208855537640387	-0.09287877210511253	0.033729421432507456	0.9310730965215592	0.3511961684811355
0.31587447504418253	-1.7438615701670874	1.300304890420707	-0.08177449935826203	0.04395610468339314	0.9298160982433233	0.3561219110969311
0.2877853561248831	-1.752159532447	1.2854099226183693	-0.08168639287413845	0.04426605570698037	0.9331552981559714	0.3472593253676544
0.2551319407089375	-1.775834064696817	1.2780860426424028	-0.09149883242575449	0.037848436877570044	0.9342883483607206	0.3424919584574872
0.2181142830667613	-1.7942543258220789	1.2707050067306727	-0.08344893563768734	0.03323386622092769	0.9407904212002098	0.3268717923817812
0.17873288054317935	-1.802462476773415	1.2680383421140948	-0.08635649668632142	0.04234836337803275	0.942030545909516	0.32144614194711796
0.13662328906998594	-1.8328417879443193	1.2853961475392588	-0.08699198715776514	0.04571705399570952	0.9409232815637494	0.32404586612947534
0.10173860392918252	-1.8669057266641171	1.312058897684412	-0.08330898461678281	0.03494565475911855	0.9442472894182237	0.3165998590048873
0.05782733654297985	-1.8626096277543573	1.3253484852834743	-0.08758014768686921	0.02984875934450845	0.9481826790062472	0.303954563264439
0.010816895158244313	-1.845815588047482	1.3184118968432175	-0.08822443045074958	0.029746922398831453	0.9509742036081038	0.29492309938587646
-0.018803864423261735	-1.8389433114297142	1.2947066008948722	-0.08805152914061236	0.021976297043127438	0.952468212292751	0.2908062502012691
-0.054043561576397045	-1.825671720204434	1.273238264272684	-0.0922063302526172	0.013546199379365197	0.9522643378399446	0.2907010905070218
-0.08782049018159839	-1.8147035520803791	1.2669372182026128	-0.10004740138352418	0.014967639126235036	0.9518976656660338	0.28923575393603496
-0.12740290598630494	-1.8200471957657551	1.2732205823145322	-0.10209954841381916	0.00933371037503946	0.9497967451723879	0.29559212933410006
-0.16372539964896687	-1.8271847390462495	1.2830211337619764	-0.0927626771868564	0.014104463023148037	0.9493043784923859	0.3000289099722571
-0.1855800820909072	-1.810076226135828	1.2926673124081487	-0.09428549493711902	0.022364424863100432	0.9477669514539158	0.303887945922105
-0.21877260249810754	-1.7915248917707836	1.2949165945849306	-0.08961349991834659	0.02967662512944996	0.946684399747109	0.30802169700975046
-0.24588184365304164	-1.7896583830520976	1.2879481852960732	-0.09839232770875508	0.033518691395059544	0.9453126700596861	0.309159187150961
-0.2709307940077926	-1.785600995178314	1.282892912587983	-0.09159565238349512	0.02389796241415568	0.9476450745171715	0.3049720259306385
-0.3032452469159015	-1.780065414258313	1.282942710674517	-0.08429281209995487	0.02623279201088526	0.948746943027491	0.30345642281485186
-0.33828027973820113	-1.7873987799378175	1.2858297334881352	-0.08061668197559006	0.022367301376679645	0.9508521197003121	0.2981290003971345
-0.37189272047888056	-1.7935564696019126	1.2869120430222378	-0.08167259132069334	0.02801308702325758	0.9514023392087665	0.29559845014897745
-0.42797725332519504	-1.8263913073350868	1.3064779771665262	-0.08343771816461282	0.025961107295056577	0.9541826160948726	0.28618124193916333
-0.480058687614788	-1.8659228699788462	1.3426261394280015	-0.07830506892115344	0.015740924677458867	0.9574130945165917	0.2774539708126658
-0.479634971303474	-1.8531783498502512	1.3559097137844214	-0.0718390596532514	0.019212254746699544	0.959893531396331	0.27032285726361593
-0.4724286269058083	-1.8224072449408717	1.3394086956716627	-0.08092902808712743	0.018873263344918883	0.960397335801137	0.2659534728663351
-0.5089885342246767	-1.7968650651821596	1.3185436287636643	-0.07153051140262004	0.013841560494622537	0.962928582585461	0.259731288029587
-0.5500884966636318	-1.7756977715694497	1.323341468301322	-0.08551208086760664	0.011439460086990583	0.9630798448096889	0.2550177156590409
-0.5783375482271929	-1.7592666544742535	1.34332166275592	-0.08846354048122812	0.019558927111659758	0.9660039460577577	0.24213225017871423
-0.6074459820669456	-1.7378951271259977	1.3544733760871912	-0.08340594834193822	0.02772702193206601	0.9667392025025218	0.24018737348318037
-0.6319679964083291	-1.709996377358667	1.3594066049059335	-0.07429505239045042	0.024843743137210668	0.9670598958449343	0.2421945322785322
-0.6612284411079663	-1.7007393897873566	1.350457113811061	-0.07234955262204072	0.022522861402025543	0.9698869972471169	0.23146808747779132
-0.6932232525148887	-1.7077255716301525	1.334846550124311	-0.06428431995647985	0.020889780476366318	0.9738664351246804	0.21683014047158783
-0.72648266511639	-1.7041086584619158	1.335879366607897	-0.07017458530138648	0.021133683989839898	0.9753459068355446	0.20815680867544295
-0.7573139438586445	-1.7084069918487812	1.345820996353237	-0.07349156252826085	0.01774056784084851	0.9793794629617771	0.18735028694544265
-0.7990380062587982	-1.7224116909134446	1.3442498128621057	-0.07788502743050933	0.016090422903692253	0.9821571410964213	0.17041822375037632
-0.8455664108420908	-1.7148634513178933	1.3345413092586242	-0.07632223914355885	0.013790908067403613	0.9848705676037981	0.15496674396321944
-0.8889974795543667	-1.7045211652302175	1.3316476499587395	-0.07943961606128054	0.005671998676277506	0.9861139557935775	0.14572728646411617
-0.9311000879927654	-1.700418822955835	1.3365159971439846	-0.07587817845858875	0.004777291061251791	0.9878471151983449	0.1355645843066334
-0.9648591952524225	-1.70172433931041	1.3495801162439958	-0.07326057398615252	-0.00192138316941024	0.9890301440744371	0.12825198126357998
-0.9841396958411087	-1.6934598045198395	1.3634079859631099	-0.06729398086264175	-0.007073272232099099	0.9907202412809093	0.1178765985082937
-0.9955722492118765	-1.6731558368664072	1.3766651112668766	-0.06370429719036944	-0.0030076895345926007	0.9916138559959211	0.11240407875181783
-1.0384952177252937	-1.6641803311539498	1.3852341892451971	-0.06540954992962429	-0.017144236775279764	0.9932853526005533	0.0938715837332651
-1.0942308120091846	-1.6533922984562777	1.372383404689913	-0.06130605979564208	-0.017641893044657745	0.9937362136538453	0.09175330138503368
-1.1398605638901256	-1.6458561472903466	1.3568620720426876	-0.061959629115913975	-0.015588165358294161	0.9943218625036256	0.08510021861253725
-1.185390561131368	-1.6386565156800292	1.3482739968337099	-0.07098844893664101	-0.017682108916293553	0.9952507223357187	0.06421824376352943
-1.2282140279960923	-1.6193626604153355	1.3454359116840788	-0.0797464787787325	-0.023331345183106224	0.995692297873395	0.04114602544521293
-1.259431535260772	-1.5967074613935832	1.3529126647208718	-0.08089074468791416	-0.018950075476857328	0.9963789918933966	0.018068939558100038
-1.272904277256923	-1.5626530937760128	1.3564681363717068	-0.08464223002896704	-0.012716490439193942	0.9962623591457648	-0.011631660068462361
-1.2888283701233023	-1.5323815507597474	1.3536129496241536	-0.08610927586306541	-0.020350068209137012	0.9949462446631774	-0.047466172848275374
-1.3219056786006864	-1.5210529504110117	1.343583996022505	-0.09094850197281508	-0.020909821412125277	0.992310910888393	-0.08130317022885057
-1.3599021661266157	-1.5009512472027018	1.3268272787037325	-0.08994169164902197	-0.02109011446354111	0.9907204995994776	-0.09969248140450777
-1.3863207116329412	-1.465309521470552	1.3156785779953608	-0.08546852187287984	-0.022766850539405952	0.9883507127413412	-0.12385342510025316
-1.4125505023076539	-1.4314382434410413	1.3058016013885472	-0.08511998269532603	-0.02132288122590019	0.985819813908632	-0.14303572206733278
-1.4477054360738368	-1.4007763720827466	1.30446480340559	-0.09598421581711292	-0.017275074274884256	0.9823071351434296	-0.15987899914960313
-1.48207238579089	-1.3701275260701766	1.319201061147929	-0.09779511996756741	-0.024149984672883602	0.981229336008514	-0.1644441634936279
-1.5156190294650598	-1.3465186145693913	1.3326804803932741	-0.09442822691989528	-0.02404907721055153	0.9806910833683502	-0.16955810463642573
-1.5439773779365602	-1.3196638281765503	1.3319614916472113	-0.09242995367840527	-0.024491778927854375	0.980897617821814	-0.1694010619194792
-1.5654950335331987	-1.2859973418050537	1.328613332379594	-0.08481044516237737	-0.027542160697954468	0.9813984600968636	-0.17001670592901147
-1.5944395019907915	-1.267559215265547	1.3307835345057846	-0.0906596215723351	-0.021633512773748136	0.9802354724592351	-0.17450284431506805
-1.6246637663337435	-1.252571414279742	1.3316153408712834	-0.09043902476672742	-0.015944592192063182	0.9787171968633303	-0.18351894001180658
-1.6354005249189651	-1.219850069404284	1.3361297409925854	-0.09027361579462832	-0.019783540412404946	0.974954739470093	-0.20229320751057658
-1.6395516670260224	-1.1742189703921058	1.345431898472679	-0.09411798825461078	-0.015957277369643866	0.9659009788335768	-0.24067087209338592
-1.6494839017294733	-1.1190624501658324	1.3489164519775998	-0.0839815306932519	-0.013930210797323267	0.9615134980942852	-0.2612371426731873
-1.6665927644583545	-1.0683634222929073	1.355860764095057	-0.0884666337248058	-0.013165579883248832	0.9530052826491343	-0.289449915298972
-1.7030383979697754	-1.028463265618346	1.367369038547289	-0.0885564809280446	-0.011847813061142564	0.9464690851008288	-0.3101832522231155
-1.7416567263490876	-0.9867747549561554	1.367443961050914	-0.08386131440700262	-0.018481782729389152	0.9433847258944262	-0.3203918891017241
-1.7612156044504785	-0.9446774284646986	1.3539725319063156	-0.08221798446439185	-0.022396791846990574	0.9354948430798558	-0.3429110457780142
-1.7738665981476058	-0.9046372999775273	1.3374106579182523	-0.08492810828500778	-0.020314332477285705	0.932679010003042	-0.3499777258896309
-1.7909153363071066	-0.8693930270317254	1.322181462387399	-0.09158545170573885	-0.021540019518052546	0.9327048024171434	-0.3481520991506657
-1.8156118315410172	-0.8423466528268857	1.3123092762502813	-0.09938444443395267	-0.03494253219867423	0.9271549782816783	-0.35956278713960305
-1.8395093234273632	-0.8058427638967385	1.3180893469533796	-0.11718651723669722	-0.03433017760215934	0.9279186765214752	-0.3522154012055278
-1.849225777850894	-0.7622389078135356	1.3293950791351303	-0.11512278873078756	-0.024162224808962567	0.9308729429087009	-0.34588797979638103
-1.8490470613121122	-0.7222779875471805	1.3379759311101298	-0.11179921026565158	-0.021027815736793003	0.9300803756858527	-0.34929824264284365
-1.8432725960041096	-0.6930177197136699	1.3406396475663045	-0.11561327687634795	-0.01782567021798381	0.9237488068526002	-0.3646970763929838
-1.8377015405411368	-0.67743860798589	1.3348968842214863	-0.11282150967105666	-0.011619865704815775	0.9224404231557128	-0.3691069647200589
-1.8369415469990193	-0.6623090368759197	1.3169125073068808	-0.10034162513590335	-0.01016960708041325	0.9193681305027057	-0.38025041482275257
-1.8467438716206048	-0.6300011825292784	1.2952190061243678	-0.0950347607864827	-0.01659658980988866	0.9091498220259151	-0.4051413932927427
-1.8665937487769582	-0.5684939419158724	1.288908026259677	-0.08743547779806063	-0.014264643041891142	0.901279409918192	-0.4240836974450062
-1.8772715947896232	-0.49775719569625	1.2875656432448643	-0.08954539842386113	-0.003707444498794776	0.8959335464478031	-0.4350528207308419
-1.88755866316378	-0.4307918289846271	1.285197086978648	-0.08739067809434443	-0.003824864591842523	0.8867281786207378	-0.45393983856124936
-1.9008589485635325	-0.38184283661755647	1.292742050772871	-0.07680214081749623	-0.0066456968124396255	0.8815471012918416	-0.46575956681927394
-1.8997218999896552	-0.34904574571900304	1.2997948024282908	-0.06911093263157277	-0.007471350489924253	0.8837946425992012	-0.4626822750285563
-1.8960841312182317	-0.31460916642512693	1.2960108268008377	-0.07463296908802333	-0.015707468440552985	0.8844209675082929	-0.4604158420297783
-1.8914290081287422	-0.2725605598252647	1.279208288173837	-0.08657265130470566	-0.016708431179754436	0.8853858072309604	-0.45641864195885473
-1.880165505889898	-0.23063949860962757	1.269263078882175	-0.10059886729304991	-0.020869368658509198	0.8826817990839769	-0.45860350949052253
-1.8814090281894558	-0.2064214929767778	1.278618276165797	-0.09821321512981844	-0.020159391558197313	0.8865022483636267	-0.4517316979713748
-1.899487366495893	-0.18177593099065725	1.2973200229385016	-0.10037386366369927	-0.013682052340566617	0.8862753316907412	-0.45194460431942
-1.9053301745318476	-0.1501563479598368	1.3219735394162124	-0.09045151403471409	-0.010387802342042876	0.8846332267083162	-0.4573124439318952
-1.8971765472467408	-0.11548454294571514	1.3423953314916182	-0.08845053731734973	-0.005712801329326322	0.881665892106979	-0.4634750489988085
-1.8846717440725986	-0.07689816472101124	1.3474306466885795	-0.08359117928037904	-0.01231286011169395	0.8752011018275468	-0.47632335611665383
-1.8739706850717528	-0.039347104140325266	1.3389212266464245	-0.07813537745492485	-0.01567171082177223	0.8671618383451044	-0.4916092008779266
-1.87085658231522	-0.005175157697867465	1.3299188144305107	0.07488066774760742	0.017515500998949787	-0.861518680374618	0.5018681661432662
-1.8754473546556243	0.028395206446743426	1.3274095420732808	0.06854507470130441	0.008820631845818352	-0.8547752544644169	0.5143763539892988
-1.8867445873284037	0.07744097412898042	1.3309870362747211	0.05751256553281485	0.0045626256111589375	-0.8540318611179526	0.5170116705150591
-1.8972195946269086	0.13480296825600632	1.334774168173749	0.051102177596918846	0.0028639792235700566	-0.850960430009444	0.5227300561724013
-1.9072819765191966	0.19152801313667622	1.3291849530246909	0.050343455499106696	-0.004368331108884	-0.8500571908778168	0.5242606473965479
-1.9157390489230954	0.23111302348839918	1.3190936643234428	0.05140768178255615	0.002851362381923576	-0.8534396054143434	0.5186424200704378
-1.9188826486559603	0.24752172899730737	1.3202133545045822	0.05036369459885295	0.013766273539201715	-0.8609045280569331	0.5060804101625221
-1.9144106905450542	0.2631838649133158	1.332851639012736	-0.04337300723672314	-0.010287341278556605	0.868015482652053	-0.49453217764770857
-1.9108106679260357	0.29661504222587226	1.3499107549312845	-0.05532489730697412	-0.024070971156888103	0.8720304924389503	-0.485718606131388
-1.9083366257962362	0.34288129914473325	1.3588923583076187	-0.05576378571445544	-0.02637479670603372	0.8777035076090647	-0.4752171325112887
-1.911819959470488	0.3685836090106622	1.348730234473311	-0.05415944886218108	-0.02299365825024283	0.8792434500001612	-0.4727250801586787
-1.921047460421792	0.38643558339455175	1.3233453080396615	-0.053000124612219986	-0.030077704537028353	0.8793664006429449	-0.47222987188565646
-1.926429384057933	0.4169798485434596	1.2957996036207104	-0.056375832253214735	-0.035701843961468006	0.8780499155528526	-0.4738939645882148
-1.9323816548949593	0.46012827017944397	1.2789461154884423	-0.05853242039733758	-0.027054145710356095	0.8783592653660641	-0.4736317450381675
-1.921749458742566	0.5131915701646113	1.2785564146858344	-0.0660782196148312	-0.025484557693945902	0.873751175500229	-0.48118924502075644
-1.911324479959525	0.5531188217824321	1.2854108691173418	-0.06239782777205879	-0.030948768337948483	0.8642739369300851	-0.4981759195013977
-1.9301457903850656	0.583395518214926	1.2866901331822993	0.06003584451852046	0.0332250774590862	-0.8612529100870017	0.5035228063032067
-1.9510213218687211	0.6299097938137268	1.2829889502511762	0.06208880423813773	0.024625452199100596	-0.8598060334507945	0.5062332983258598
-1.9485774972030636	0.6816661864012223	1.2879855603250931	0.04896754821831525	0.024186294269577885	-0.8626312100249675	0.5028763246384267
-1.933942304287156	0.7272160180886083	1.3061669891337624	0.05498014062129546	0.01575874991887554	-0.8624003257620986	0.5029856101954437
-1.9273439587054917	0.7596697749066853	1.324581861495912	0.04820201686518231	0.009191631244449164	-0.8644059040698868	0.5003943569768907
-1.9099704917395148	0.7777854825976656	1.3392449560750757	-0.04940523797904097	-0.016306447400207234	0.8663027899802039	-0.4968024741342706
-1.8852946328769675	0.8159055187567571	1.3532549622561816	-0.05459004978138234	-0.015962638244616877	0.8727869908795879	-0.48477622589860075
-1.8937076722870614	0.8669702218338896	1.3620958253104618	-0.06145885919933707	-0.008455837576168832	0.8693258389781481	-0.49033039179897847
-1.9036255509883802	0.903277646403974	1.3666044497968992	-0.07843195277829877	-0.005284500384953503	0.8665985090910463	-0.49277533103863796
-1.8828955292947906	0.9362722290688508	1.368102591786176	-0.08273287469640532	0.003952929504966049	0.86325146242675	-0.49793228295710484
-1.863898020544686	0.9721945931999405	1.3648862510684803	0.070611092574049	-0.018332183699039835	-0.8581622415212397	0.508168841895649
-1.8611629098339981	1.010144161569192	1.3555994644846503	0.06633448617650348	-0.012441270520111026	-0.8412464998267106	0.5364226666173351
-1.8574264838989631	1.0662286451627052	1.343079557090566	0.06788297233005981	-0.009348485989530848	-0.8303558206787308	0.553004266658306
-1.8310025271196968	1.1368565054926554	1.3376227734596746	0.06121135041270944	-0.019961277476818973	-0.8237446992088218	0.5632933414372243
-1.7922501726223612	1.199674280912049	1.3332706653155078	0.04553517059625759	-0.02285439115830195	-0.8088695461874275	0.5857766488125813
-1.7640629112057562	1.2416164175313997	1.3334095853876884	0.04852973420549912	-0.018510599161836602	-0.7961520449974456	0.6028632878713039
-1.7414675569812879	1.2824769702195633	1.3452861033068386	0.04648872471756657	-0.007915613484177398	-0.7884631942376921	0.6132715001284493
-1.7078890801663962	1.323832248335621	1.3527287887893473	0.05668897288670513	-0.007497876023949935	-0.7778571167906198	0.625834201739058
-1.6720935442320801	1.357602344945814	1.3626473847968472	0.05969261003322414	-0.00819699583387037	-0.7733031101531981	0.6311670946699547
-1.6471094569945783	1.3880092149459358	1.377493523302873	0.060559519119034635	-0.006008402681864756	-0.7604648718745923	0.6465211693255245
-1.6128416949939177	1.42075517700186	1.3829444579992736	0.05050011018011925	0.0011818834567639388	-0.7636906028916893	0.6436031425328953
-1.5870644185165337	1.461777199482189	1.3819640354321299	0.05656630839654783	-0.011410406179724207	-0.7546721855440125	0.653559444696061
-1.5841458608958139	1.4930757696808246	1.3769761475029847	0.06650267523191537	-0.015225583983974361	-0.7422408916298383	0.6666513590865076
-1.5560479793024542	1.515591343223247	1.379878540954894	0.05763844214697373	-0.01286710480331305	-0.7338451053967131	0.676744862474875
-1.4979565056037023	1.5570847845911007	1.3819247687969083	0.04874150095690978	-0.007798268881743799	-0.7305077096636904	0.6811181536332922
-1.44110722934044	1.6172851346449126	1.369959117342251	0.04250661680331859	-0.020282374231322557	-0.7144869250590203	0.6980617786007067
-1.4037068396653343	1.6597546190275418	1.3662534249753604	0.04036961819267922	-0.025994818445682667	-0.6939420026962503	0.7184281872496865
-1.3843992117585917	1.6890052119994028	1.386876836828716	0.03933431165565293	-0.019478690566712746	-0.6769988045744212	0.7346740849827131
-1.3595396309982817	1.7125222064335355	1.4209012926430944	0.03586068748237277	-0.019277029585661763	-0.6547705855698466	0.7547303409140016
-1.3162860199029558	1.7193588909685822	1.4588938117803902	0.041085078654725125	-0.01967157082673087	-0.6350565759571934	0.7711213853516639
-1.2720571497551028	1.7350749570335358	1.475242197299589	0.03877306631869769	-0.00997958320364782	-0.6239003591001	0.7804776737114864
-1.2530694081082963	1.763835508648391	1.4405421574348825	0.044912432189004634	-0.009385606590497203	-0.624418240731821	0.7797413958904414
-1.2452340733845269	1.7873826292358306	1.38084365532027	0.0583973336445829	-0.004793345705252517	-0.6265932483948232	0.7771407056165418
-1.231652634224346	1.8003335791911061	1.3328460253624796	0.06060732217336648	-0.007317206489790181	-0.6185071487320449	0.7834041855616521
-1.2074212616873123	1.8120938155616426	1.3004038893508516	0.062280969253106035	-0.0025522771392790704	-0.6198537259212408	0.782237767697171
-1.1811828108996727	1.828139007875363	1.2861076599962158	0.0579005515772831	-0.005255844983450159	-0.6130332427563108	0.7879150623615709
-1.1704307204130053	1.8367888795049196	1.2871891522137917	0.06031311063551099	0.0007422268150919327	-0.6007542049438391	0.7971550432802387
-1.1513377814705503	1.8429337125641463	1.2982524254665981	0.05541738728956716	-0.005753176486391436	-0.5930005982334106	0.803272123654949
-1.111459994050154	1.8599440288804565	1.3218731638272976	0.05387000509493805	-0.01019121367300302	-0.5842391484687693	0.8097275956217805
-1.0659838323707407	1.8796808669608103	1.3533231745105645	0.05873222021738403	-0.009882250237967247	-0.567323204826821	0.8213386930515303
-1.0142374294108567	1.8898904756382107	1.3760046447114167	0.06087385319734974	-0.003951094746695255	-0.5533649278761213	0.8307021243766415
-0.9619757319018319	1.8978070240624643	1.3792200856989387	0.06949519598629574	0.009268828212618005	-0.5355642616974301	0.841579127682524
-0.9350997981628981	1.922147047624539	1.3625399287634847	0.067718327186431	0.0018348020902788065	-0.5213766845404115	0.8506334195656841
-0.9202509714040922	1.942814623569394	1.3209428622248267	0.07661420032870958	0.00431542272391502	-0.5101239368908345	0.8566710047887124
-0.8880075543344019	1.9415049625809089	1.2815731569063131	0.07142166852347331	-0.0004531978622901771	-0.48160400491793903	0.8734737101504672
-0.8463531667016648	1.9501681964764654	1.272774626625025	0.07054703253719259	0.0013854657571301754	-0.46907321504886257	0.8803360242592344
-0.8057199517829347	1.9692071381732381	1.2813269023640892	0.07504394709653606	0.005132445068528227	-0.4672147219979836	0.8809384016831924
-0.7676184631711026	1.986166539755201	1.2801824623652946	0.0682397411499655	-0.003598264401843557	-0.4648378698046636	0.8827548612250983
-0.7258600760599776	1.9833233865790896	1.2591160653042255	0.050667433423273144	-0.004422709903501989	-0.4635151373748842	0.8846281525317571
-0.701219364006489	1.9567584946136314	1.2128476376028434	0.054455084204649055	-0.016656211049832566	-0.4585820818354347	0.8868256247184148
-0.6877585474418935	1.9353642221793945	1.1535437025728847	0.06264539868151014	-0.018358007553006286	-0.45019000178147245	0.8905433733843153
-0.6533850637142693	1.926007347264544	1.1144679350591207	0.05318262431963787	-0.015299724665147897	-0.4455204838709561	0.8935597491757538
-0.6078263202478653	1.9279385408631395	1.1030118156535853	0.04609601679669722	-0.012905628149555518	-0.43438921830384336	0.899452393970309
-0.5666960092847516	1.9297693134067198	1.1069504148737368	0.04126286703093417	-0.0028340150392106456	-0.4252902873578257	0.9041114508965379
-0.5227028063803597	1.9312387375439952	1.128490272829229	0.044303059736555246	0.002963650306302736	-0.41519521143159116	0.908648112351045
-0.47182718267572316	1.9379936327187024	1.1645759510155096	0.04230066441727283	-0.0016627918369512692	-0.40254152755460076	0.914422335415738
-0.42360663962962125	1.9369102592862046	1.1913685196199146	0.0439612839181417	0.007180250743658938	-0.399628923080557	0.9155941095010391
-0.392371293942721	1.917857059339001	1.1943804357711483	0.04547883190050013	0.017335915840558866	-0.3967204283630927	0.9166482660161088
-0.41230772548370564	1.865505722501691	1.1088599377277042	0.04893548634181563	0.019324420503804746	-0.3941061362395747	0.9175577574883206
-0.4758188847116589	1.7845813620093698	0.8806165024257356	0.05837775893728214	0.01569659574723787	-0.3921477028153638	0.9179138485283035
-0.5399634030622482	1.7154604451143323	0.5776061375698331	0.06806115048971399	0.009872233653742646	-0.3976633156857869	0.9149503298838076
-0.5649169745660814	1.681098428586149	0.3202623584694362	0.06581948460670185	-0.011599903879308308	-0.39834728123323476	0.9147965244851933
-0.5121099762720134	1.7003368050140573	0.2744140184403142	0.04653801590695364	0.006083466427364553	-0.36415069585580706	0.9301566939066785
-0.3779527381064288	1.753121441412772	0.4858282052130892	0.04309810573360507	0.026289799961002242	-0.34885590257570825	0.9358156650421455
-0.23308955851149113	1.787542884353093	0.8244773175430921	0.03698210510241614	0.039908385800102406	-0.3572275741618321	0.932431286960855
-0.15118165337561418	1.8153919395042197	1.113128548576415	0.047453637748812665	0.04687299506533882	-0.341508094859352	0.9375090910191456
-0.0944048079166292	1.8327849538641288	1.2469383553504083	0.03233473404025587	0.05133076234368036	-0.32387627217906373	0.9441524125537969
-0.009577903914538999	1.8053011671462114	1.3131448585926395	0.02686615069978822	0.058325147931935314	-0.3181303205641816	0.9458696983216159
0.08690947992477831	1.7770135470625632	1.4249340037903975	0.035446904415874295	0.06086901616048077	-0.3261488559656658	0.942690513154383
0.1667333700252034	1.7795980072013824	1.5583134628666375	0.029035672406207202	0.06208077831432533	-0.3189680481575145	0.9452842381772755
0.22029270569960185	1.7810440156891862	1.6300054593337465	0.02224850019188649	0.06084260250557317	-0.31307312272500243	0.9475169664901919
0.2472210653824564	1.7782928334300705	1.609421478040961	0.012202558950442859	0.06178361548315885	-0.3043586210877296	0.9504734147689063
0.2341780879364261	1.7929811160530142	1.5127513742204655	0.016761113192459213	0.05814543816712342	-0.3061122225275603	0.9500702502047624
0.21229437757920785	1.8372229493543228	1.388162163253535	0.010436335925556423	0.05906084722764245	-0.3077600352646039	0.9495718297796809
0.22006002700816651	1.890196358429327	1.292979459948862	0.012485295187119421	0.06714194190692965	-0.3124766388753319	0.9474673752685271
0.23679710463525894	1.9196986963949945	1.2508089759292769	0.01659090612409981	0.06934381767987952	-0.3153897311941078	0.9462798181515174
0.25377058485763077	1.90867060745613	1.2456470334439937	0.016864944057772346	0.07232577450453619	-0.2943870943632382	0.9527963028248045
0.29121910342889007	1.8789977537982805	1.2531642512944836	0.02023804566094076	0.06972702275525981	-0.2832419940578521	0.9562962598523767
0.33634411153000504	1.8663637149161052	1.2615171642033762	0.008427786930933068	0.07884844587582919	-0.27118383674848856	0.9592555559791051
0.3765610986816367	1.8553382570975954	1.26836888962834	-0.0008078488882299593	0.07815478394672512	-0.2581930993406306	0.9629265291699535
0.4183421410440519	1.8286128335293665	1.2506248782294531	0.010676499859966184	0.07777456470070239	-0.23880946015193527	0.9678879951617837
0.46585750526199454	1.8103732402311052	1.2202697895216574	0.01580380078780439	0.08288652573542202	-0.22112910217642184	0.9715873526877652
0.5173440789747579	1.8154333585615605	1.2174115360619504	0.0093376021860154	0.08837756890522161	-0.20167238002587484	0.9754129718403981
0.5551444172778919	1.8243487734378545	1.2193481725704585	0.017472057256027667	0.1087953675633721	-0.16653779546165573	0.9798588969309633
0.581465056587807	1.8276431059762779	1.2142787154991546	0.02374068441602639	0.10818300877329556	-0.14344502021808486	0.9834410723021733
0.6071137739195253	1.8162170740705001	1.2207625269804734	0.033907063020247125	0.11264059079878694	-0.12438797007843694	0.9852360332842108
0.6349438757709546	1.7841350062246917	1.2374150811280853	0.03872695901664811	0.10698018373033152	-0.09731104009109919	0.9887295001216133
0.6633806672757854	1.7569201794239513	1.2616707923718502	0.03292057413214474	0.10459338048641882	-0.07926037195532468	0.9908048516205077
0.6927228361743651	1.7292155223592165	1.2838651064304751	0.036860958190126504	0.10946033233443442	-0.06512137307971239	0.9911704758389212
0.7166390510512259	1.6925720671835454	1.2930278947777891	0.04313393668186204	0.10291412634686209	-0.05706369782291484	0.992114852471911
0.7313123107583405	1.6619793331662616	1.2969483653703437	0.04671015512033913	0.09929355058507724	-0.057203340873559536	0.992313826374371
0.7641572755543282	1.6474381903316495	1.301069830790763	0.04204017387733225	0.09501453684440185	-0.0517532858391718	0.9932403832776112
0.8153904220247615	1.6299882868628763	1.3053397987643451	0.0497579439151677	0.09309580032737047	-0.03972648362850192	0.9936192054692056
0.8545894626534106	1.5864846601037983	1.303701448912245	0.05303249132627369	0.09128256643243993	-0.02365427253100904	0.9941305363584121
0.8813011249910506	1.5349000573184164	1.2908035411866268	0.06463926221060003	0.09248791531015707	-0.008582673542734828	0.9935764132754505
0.8977983547472455	1.4987131106848683	1.2851363368702138	0.06988251206300175	0.09439758505939366	0.004756892024295756	0.9930674208838932
0.9074640936311759	1.4792573148259496	1.2978462141819564	0.059859076677644396	0.08875738454855384	0.026353576159749557	0.9939036707100903
0.9246163553255957	1.4593118980174513	1.3177892396104203	0.061601895601321406	0.08317992086507227	0.057709774866002886	0.9929531152618027
0.950123822009861	1.427148398385499	1.3343958002514935	0.06768499420057175	0.08566158901319575	0.08567890847522468	0.9903231585549721
0.9783941407023136	1.392973506845379	1.3326591230873304	0.06442093144964149	0.08380648888814216	0.10484941372440552	0.9888543959820628
1.0023330037252631	1.3599517707766842	1.3214262670302577	0.06273941763258695	0.08640728492364383	0.12628046653424865	0.9862305969493849
1.0239132972572285	1.3285181177073435	1.319280204356312	0.06579009840783084	0.09453102717444967	0.15015381189671567	0.981931454138076
1.0453613574986842	1.3009181793244522	1.3216082534142801	0.05987131230046162	0.09167480147541952	0.17334599084052496	0.9787554976588275
1.0569378484826104	1.2706920308090401	1.3212018905694858	0.059376627362480436	0.09011281245770468	0.20090256914110358	0.9736489382043835
1.0754613171355976	1.241101929451097	1.3148442626204342	0.0575315085673807	0.09614388432614088	0.21657950781079946	0.9698143099712824
1.0851042742582169	1.2010814909762588	1.2986814876010921	0.053951661468483424	0.09298625367838786	0.222577412138616	0.968969592122129
1.0782742950478688	1.1677246447901617	1.2848682716853561	0.054340457800330706	0.09437371955050665	0.24368836960463292	0.9637202364917363
1.094794947717143	1.1398217764251684	1.29163211747246	0.05831160491561803	0.09202074669218333	0.25699306945822986	0.96025335259025
1.1313145858151408	1.1032536604683993	1.3117529029918094	0.051195857703108034	0.08365515519571891	0.2670117560941374	0.9586894811516125
1.161475437464612	1.0552970119148726	1.3298451747059192	0.055556250609460296	0.07377585298214506	0.2873222453076155	0.953371152220564
1.1737289328469875	0.9932876336856061	1.3453068678169355	0.06336509792496367	0.06680370531036728	0.3130033409627678	0.9452782859390721
1.1704219615730274	0.9394150396084896	1.3660757220089308	0.06969643913849285	0.06913439622194203	0.3387428214554993	0.9357436307786494
1.1902876084504852	0.9028797564224105	1.3656638962598204	0.07569651514474288	0.05737337837029817	0.36410610813449523	0.9265015245904732
1.231621967728901	0.8601810550881618	1.3367133654846544	0.08214050828870914	0.05025580755027515	0.37911582152274775	0.9203252058792446
1.2549381867331142	0.8091530417766478	1.3098513997595136	0.08668650565174088	0.05106677187395098	0.3985789605267584	0.9115988409238315
1.2637531375390938	0.7663849073794086	1.2922496458015647	0.08942424781265854	0.04537356702919518	0.41656905041659187	0.9035567328913033
1.2922707235594268	0.7026843884611432	1.3024486654445246	0.07807411268175161	0.03245405835610725	0.4268807706303347	0.9003465858719223
1.3752616025259055	0.6090634449081995	1.3798972157425895	0.0688069151269436	0.03104486215690781	0.43538709943675813	0.8970729616973295
1.4598557066215254	0.5076877942335615	1.4951215710919514	0.06642389342140458	0.04054397219986545	0.4356870733560403	0.8967278443382064
1.4935516548334513	0.4432702621078266	1.5859997483817145	0.06771202346702253	0.03451113043531404	0.4335497646633994	0.8979190750364917
1.4643234585691316	0.42731638744507655	1.6077071671023582	0.07813415916962033	0.029314796682107385	0.44023083024617204	0.8939980491964783
1.385796818886228	0.43742971267184527	1.5519554772517499	0.0885784079971169	0.01918884394202913	0.4463021550880225	0.8902808771778999
1.3170866404646535	0.44787248709938826	1.461118101477425	0.08764865359863966	0.013812777361586022	0.4480561895190071	0.8895912385683731
1.2706556095397028	0.4325227476767634	1.3692028962411218	0.08184975787445153	0.0036291340616510515	0.4560883666264992	0.8861550927178763
1.2470175638012255	0.40254968537207336	1.2959273821317934	0.08365379490851124	-0.005362914014531085	0.47002495865327304	0.8786636557828406
1.2422806081785136	0.3657966576069596	1.2490241213774762	0.08668686662051467	-0.012019728982060982	0.48587825415399905	0.8696339663392734
1.241911261267373	0.32154957859033934	1.2348785700214653	0.08258281155024583	-0.002344570103790152	0.49241004299634955	0.8664334549080026
1.255713310570738	0.2750187854798138	1.251627970003109	0.08192964118285291	0.002731409653226339	0.5091335000039815	0.8567748551811326
1.2646775909735677	0.22438545777292265	1.2847678742218094	0.09052452751799074	0.007081221498769681	0.5053670708733115	0.8581137977545046
1.258277525945457	0.1705975693897181	1.3133751561792124	0.0867241622734717	0.0018223002579200289	0.5048955635221785	0.8588108457834914
1.2756194357790576	0.11768636100843086	1.3407319459668898	0.08872817023747964	0.0005008046531658972	0.5085793778787469	0.856431011464131
1.3209078156258527	0.056060007017726066	1.3793750641964881	0.08914540335855273	0.003882505955707113	0.5034910242342625	0.8593804813486734
1.3594841207577986	0.0049433608917433675	1.413617527576179	0.08158244128735935	0.014734212150824967	0.4969350735863453	0.8638186967793776
1.361612510936527	0.0056959165712200215	1.4046584803251372	0.08946335349103704	0.02076500975811179	0.4907946831729639	0.8664212034115006
1.3252447595498216	0.031495177257395285	1.346080142333801	0.0938264611608653	0.017154117959919557	0.4879141239441464	0.867664761920675
1.2907954094033727	0.04220999040935325	1.2749673977337466	0.09537841617532525	0.021910843873700653	0.47798731769761593	0.8728980448877559
1.282406448969238	0.033514600359551144	1.2185508275356918	0.10106007716297166	0.017610325020057053	0.4736644630292228	0.874710645710763
1.2837553692625514	-0.009804293848950624	1.1978796811989778	0.10106480164971028	0.01022274359008688	0.4677862293395664	0.8779848774445186
1.2774082566355407	-0.07712143360184769	1.1992098877975403	0.10572133083227629	-0.0039442835158079535	0.47259207030485667	0.8749080968419302
1.2757652692563444	-0.14666878699458158	1.2108157899981724	0.10397228973809483	-0.0020521858430530425	0.47728613520269453	0.8725729176654281
1.2827263887684248	-0.1961724702321335	1.235710602367027	0.09501849545635985	0.0047918182017959035	0.4882813693089282	0.8674847712699794
1.2851380989323093	-0.21961195014248028	1.2672201015002802	0.09028088264271583	0.014079215088858213	0.4986923174433178	0.8619495985582606
1.2900416809379438	-0.25082807435710663	1.294248768597119	0.09238813046274055	0.014674860000862279	0.49999178590695825	0.860963004930598
1.3015521932464194	-0.29583948526970777	1.316517884459451	0.09474911946597764	0.019218348957702525	0.4977371649109225	0.8619228353456002
