1	0.00019	-0.00032	-0.00019	1	-0.00023	0.00032	0.00023	1
1	0.00021	-0.00057	-0.00021	1	-0.00049	0.00057	0.00049	1
1	0.00031	-0.00026	-0.00031	1	-0.00071	0.00026	0.00071	1
1	0.00044	-0.00016	-0.00044	1	-0.00057	0.00016	0.00057	1
1	0.00039	-0.00013	-0.00039	1	-0.00063	0.00013	0.00063	1
1	0.00049	-0.00021	-0.00049	1	-0.00068	0.00021	0.00068	1
1	0.00041	-4E-05	-0.00041	1	-0.00113	4E-05	0.00113	1
1	0.00037	0.00012	-0.00037	1	-0.00151	-0.00012	0.00151	1
1	0.00024	-1E-05	-0.00024	1	-0.00107	1E-05	0.00107	1
1	0.00025	4E-05	-0.00025	1	-0.00105	-4E-05	0.00105	1
1	-0.0003	3E-05	0.0003	1	-0.00084	-2E-05	0.00084	1
1	0.00022	-0.00015	-0.00023	1	-0.00092	0.00015	0.00092	1
1	0.00012	-0.00029	-0.00012	1	-0.00097	0.00029	0.00097	1
1	0.00013	-0.00042	-0.00014	1	-0.00114	0.00042	0.00114	1
1	0.00015	-0.00039	-0.00015	1	-0.00112	0.00039	0.00112	1
1	0.00016	-0.00049	-0.00016	1	-0.00101	0.00049	0.00101	1
1	0.00013	-0.00036	-0.00013	1	-0.00099	0.00036	0.00099	1
1	8E-05	-0.00033	-8E-05	1	-0.00096	0.00033	0.00096	1
1	0.00014	-0.00042	-0.00014	1	-0.00103	0.00042	0.00103	1
1	0.00011	-0.00035	-0.00011	1	-0.00106	0.00035	0.00106	1
1	0.0001	-0.00038	-0.0001	1	-0.0009	0.00038	0.0009	1
1	4E-05	-0.0005	-4E-05	1	-0.00094	0.0005	0.00094	1
1	0.00014	-0.00113	-0.00014	1	-0.001	0.00113	0.001	1
1	-0.00022	-0.00266	0.00021	1	-0.00162	0.00266	0.00162	1
0.99995	0.00267	-0.01	-0.0027	0.99999	-0.00385	0.00999	0.00388	0.99994
0.99984	0.00936	-0.01514	-0.00944	0.99994	-0.00514	0.0151	0.00528	0.99987
0.99905	0.02562	-0.03536	-0.02573	0.99966	-0.00281	0.03528	0.00372	0.99937
0.99762	0.03359	-0.06028	-0.03395	0.99941	-0.00488	0.06008	0.00692	0.99817
0.99855	0.02771	-0.04615	-0.02805	0.99958	-0.00676	0.04595	0.00805	0.99891
0.99918	0.02799	-0.02909	-0.02848	0.99945	-0.01672	0.02861	0.01753	0.99944
0.99917	0.02547	-0.03177	-0.0261	0.99947	-0.01957	0.03125	0.02038	0.9993
0.9991	0.02496	-0.03428	-0.02592	0.99928	-0.0277	0.03356	0.02856	0.99903
0.99803	0.03077	-0.05475	-0.03267	0.99889	-0.03408	0.05364	0.0358	0.99792
0.99704	0.0346	-0.0687	-0.03643	0.99901	-0.02556	0.06775	0.02799	0.99731
0.99725	0.03149	-0.06702	-0.03262	0.99934	-0.0157	0.06648	0.01784	0.99763
0.9978	0.02849	-0.05979	-0.02905	0.99954	-0.00858	0.05952	0.0103	0.99817
0.9982	0.02457	-0.05471	-0.02521	0.99962	-0.01093	0.05442	0.01229	0.99844
0.99738	0.02853	-0.06646	-0.02896	0.99956	-0.00558	0.06628	0.00749	0.99777
0.99655	0.02683	-0.07852	-0.0274	0.99961	-0.00618	0.07832	0.00831	0.99689
0.99701	0.03131	-0.07062	-0.03197	0.99946	-0.00814	0.07033	0.01038	0.99747
0.99513	0.03052	-0.09376	-0.03199	0.99939	-0.01415	0.09327	0.01708	0.99549
0.99245	0.02411	-0.12022	-0.0286	0.99895	-0.0358	0.11923	0.03896	0.9921
0.99233	0.02293	-0.12148	-0.02823	0.99871	-0.04211	0.12036	0.04521	0.9917
0.99272	0.02445	-0.11796	-0.02917	0.99884	-0.03844	0.11688	0.0416	0.99227
0.99171	0.02662	-0.12574	-0.03024	0.99918	-0.02692	0.12492	0.0305	0.9917
0.98898	0.0335	-0.14423	-0.03366	0.99943	0.00134	0.14419	0.00353	0.98954
0.98871	0.04387	-0.1433	-0.0425	0.99902	0.01259	0.14371	-0.00636	0.9896
0.99134	0.034	-0.12688	-0.03381	0.99942	0.00367	0.12693	0.00065	0.99191
0.99157	0.02584	-0.127	-0.02587	0.99966	0.00145	0.127	0.00185	0.9919
0.98773	0.02882	-0.1535	-0.02926	0.99957	-0.00062	0.15342	0.00511	0.98815
0.98607	0.02923	-0.16376	-0.0292	0.99957	0.00262	0.16377	0.0022	0.9865
0.98983	0.04048	-0.13635	-0.03918	0.99916	0.01214	0.13673	-0.00668	0.99059
0.99274	0.04357	-0.11213	-0.04143	0.99891	0.02141	0.11294	-0.0166	0.99346
0.99489	0.03948	-0.09288	-0.03738	0.99901	0.02417	0.09374	-0.02057	0.99538
0.99479	0.053	-0.08705	-0.05201	0.99855	0.01357	0.08764	-0.00897	0.99611
0.99596	0.05189	-0.07332	-0.05268	0.99857	-0.00889	0.07275	0.01272	0.99727
0.99733	0.04359	-0.05867	-0.04558	0.99842	-0.03299	0.05714	0.03557	0.99773
0.99882	0.03642	-0.032	-0.03759	0.99861	-0.03687	0.03061	0.03802	0.99881
0.9995	0.03129	-0.00334	-0.03139	0.99877	-0.03846	0.00213	0.03855	0.99925
0.99911	0.04132	0.00824	-0.041	0.99849	-0.03654	-0.00974	0.03617	0.9993
0.99766	0.06799	-0.00684	-0.06815	0.99734	-0.0257	0.00508	0.02611	0.99965
0.99648	0.07688	-0.03336	-0.07744	0.99687	-0.01566	0.03205	0.01819	0.99932
0.99505	0.06323	-0.07666	-0.06398	0.99792	-0.00741	0.07603	0.01228	0.99703
0.99441	0.04986	-0.09308	-0.0514	0.99858	-0.01423	0.09224	0.01894	0.99556
0.99557	0.05105	-0.07898	-0.05279	0.9984	-0.0202	0.07783	0.02428	0.99667
0.99496	0.05615	-0.08308	-0.05917	0.99766	-0.03433	0.08095	0.03908	0.99595
0.99399	0.06954	-0.08461	-0.07354	0.99627	-0.04515	0.08115	0.0511	0.99539
0.99628	0.06626	-0.05502	-0.06888	0.9965	-0.04732	0.05169	0.05094	0.99736
0.99718	0.05518	-0.05086	-0.05692	0.99782	-0.03328	0.04891	0.03608	0.99815
0.9983	0.04483	-0.03721	-0.04604	0.99842	-0.03219	0.03571	0.03384	0.99879
0.9984	0.04008	-0.03982	-0.04105	0.99888	-0.02364	0.03883	0.02523	0.99893
0.99922	0.0254	-0.03025	-0.02553	0.99967	-0.00406	0.03014	0.00483	0.99953
0.99889	-0.00367	-0.04686	0.00394	0.99998	0.00573	0.04684	-0.00591	0.99888
0.99821	-0.01395	-0.05815	0.01421	0.99989	0.0041	0.05809	-0.00492	0.9983
0.99782	-0.03728	-0.05446	0.03687	0.99928	-0.00847	0.05474	0.00644	0.99848
0.99761	-0.05899	-0.03588	0.05807	0.99798	-0.02594	0.03733	0.02379	0.99902
0.99754	-0.06521	-0.02573	0.06446	0.9975	-0.02892	0.02755	0.02719	0.99925
0.99737	-0.06739	-0.02657	0.06682	0.99753	-0.02181	0.02797	0.01998	0.99941
0.99657	-0.07103	-0.04257	0.07029	0.99735	-0.01862	0.04378	0.01557	0.99892
0.99604	-0.07737	-0.04368	0.07641	0.99681	-0.02325	0.04534	0.01982	0.99877
0.9958	-0.082	-0.04083	0.08071	0.99621	-0.03246	0.04333	0.02903	0.99864
0.9966	-0.07507	-0.03392	0.07383	0.9966	-0.03644	0.03654	0.03381	0.99876
0.99801	-0.05998	-0.01936	0.05904	0.99718	-0.04629	0.02208	0.04506	0.99874
0.99905	-0.03828	-0.02073	0.03697	0.99751	-0.05997	0.02298	0.05915	0.99798
0.99967	-0.00951	-0.02371	0.0079	0.99772	-0.06709	0.0243	0.06688	0.99747
0.99964	0.02603	0.00659	-0.02554	0.99751	-0.06576	-0.00829	0.06557	0.99781
0.99784	0.05087	0.04155	-0.04795	0.9965	-0.06847	-0.04489	0.06633	0.99679
0.99491	0.08463	0.05472	-0.08121	0.99477	-0.06187	-0.05967	0.05711	0.99658
0.99065	0.12293	0.05922	-0.11993	0.99143	-0.05182	-0.06508	0.04423	0.9969
0.98565	0.15457	0.06785	-0.15201	0.98751	-0.0415	-0.07342	0.03059	0.99683
0.97676	0.20292	0.06903	-0.20144	0.97911	-0.0278	-0.07323	0.01325	0.99723
0.96805	0.24021	0.07189	-0.23941	0.97072	-0.01971	-0.07452	0.00187	0.99722
0.95643	0.28114	0.07879	-0.28004	0.95966	-0.02497	-0.08263	0.00182	0.99658
0.93969	0.32996	0.09008	-0.32798	0.94398	-0.03632	-0.09701	0.00459	0.99527
0.91777	0.38579	0.09419	-0.38308	0.92257	-0.04604	-0.10466	0.00617	0.99449
0.88399	0.45695	0.09879	-0.45345	0.88948	-0.0567	-0.11378	0.00532	0.99349
0.84786	0.52264	0.08933	-0.51863	0.85251	-0.06516	-0.11021	0.00892	0.99387
0.80462	0.58845	0.07947	-0.58423	0.80846	-0.07119	-0.10614	0.01085	0.99429
0.75873	0.64716	0.07424	-0.64277	0.76229	-0.07589	-0.1057	0.00986	0.99435
0.70473	0.70644	0.06554	-0.70272	0.70775	-0.07259	-0.09766	0.0051	0.99521
0.65068	0.75706	0.05898	-0.75485	0.65331	-0.0582	-0.08259	-0.00665	0.99656
0.60255	0.79585	0.05963	-0.79462	0.60521	-0.04792	-0.07422	-0.01851	0.99707
0.5588	0.82647	0.06844	-0.82549	0.56224	-0.04958	-0.07945	-0.02879	0.99642
0.50365	0.86097	0.07115	-0.86094	0.50704	-0.04119	-0.07154	-0.04051	0.99661
0.45466	0.8875	0.07497	-0.88829	0.45799	-0.03459	-0.06503	-0.05087	0.99659
0.41999	0.90342	0.08625	-0.90454	0.42442	-0.04098	-0.07363	-0.0608	0.99543
0.38871	0.9169	0.09054	-0.91793	0.39386	-0.04773	-0.07942	-0.06455	0.99475
0.357	0.93139	0.07114	-0.93152	0.36064	-0.04702	-0.06945	-0.04948	0.99636
0.31435	0.94736	0.06082	-0.94757	0.317	-0.04024	-0.0574	-0.04498	0.99734
0.26896	0.9606	0.0701	-0.96167	0.27186	-0.03572	-0.05337	-0.05781	0.9969
0.22521	0.97086	0.0819	-0.97279	0.22876	-0.03676	-0.05442	-0.07139	0.99596
0.18243	0.97984	0.08147	-0.98161	0.18624	-0.04184	-0.05617	-0.07234	0.9958
0.13397	0.98764	0.08136	-0.98939	0.13796	-0.04547	-0.05613	-0.07441	0.99565
0.07928	0.99309	0.08648	-0.99535	0.08363	-0.04789	-0.05479	-0.08228	0.9951
0.0309	0.99646	0.07813	-0.99775	0.03541	-0.05701	-0.05957	-0.07619	0.99531
-0.01719	0.99666	0.07984	-0.99763	-0.01178	-0.06784	-0.06667	-0.08081	0.9945
-0.0712	0.99316	0.09258	-0.99517	-0.06444	-0.07403	-0.06756	-0.0974	0.99295
-0.12134	0.98669	0.10823	-0.99041	-0.11309	-0.07943	-0.06613	-0.11683	0.99095
-0.17867	0.97673	0.11866	-0.9823	-0.17019	-0.07821	-0.05619	-0.13054	0.98985
-0.24151	0.96334	0.11679	-0.9695	-0.23435	-0.07177	-0.04177	-0.13056	0.99056
-0.29844	0.95013	0.0905	-0.95361	-0.2929	-0.06964	-0.03966	-0.10709	0.99346
-0.35449	0.93171	0.07907	-0.93438	-0.34974	-0.06802	-0.03572	-0.098	0.99455
-0.40517	0.91094	0.07757	-0.91373	-0.40066	-0.06756	-0.03047	-0.09826	0.99469
-0.46351	0.88113	0.09359	-0.88598	-0.45918	-0.06476	-0.01409	-0.11294	0.9935
-0.5213	0.84829	0.09296	-0.85336	-0.51874	-0.05185	0.00424	-0.10636	0.99432
-0.56056	0.82438	0.07859	-0.82811	-0.55843	-0.04896	0.00352	-0.09253	0.9957
-0.59401	0.80167	0.06697	-0.80446	-0.59182	-0.05091	-0.00117	-0.08412	0.99646
-0.61623	0.78395	0.0754	-0.78756	-0.61326	-0.06043	-0.00113	-0.09662	0.99532
-0.63914	0.76338	0.09356	-0.76908	-0.63507	-0.07211	0.00436	-0.11804	0.993
-0.66985	0.73532	0.10298	-0.74239	-0.66566	-0.07589	0.01274	-0.12728	0.99178
-0.70737	0.70102	0.09053	-0.70674	-0.70363	-0.07371	0.01203	-0.11613	0.99316
-0.7553	0.6508	0.07739	-0.65526	-0.75212	-0.07033	0.01244	-0.10383	0.99452
-0.80394	0.58951	0.07844	-0.59429	-0.80132	-0.06866	0.02238	-0.10182	0.99455
-0.84176	0.53358	0.08202	-0.53912	-0.83876	-0.07636	0.02805	-0.10849	0.9937
-0.87651	0.4727	0.09108	-0.47982	-0.87312	-0.08618	0.03879	-0.11924	0.99211
-0.90221	0.4162	0.11308	-0.42654	-0.89987	-0.09107	0.06385	-0.13039	0.9894
-0.92557	0.35973	0.11799	-0.37072	-0.92441	-0.08969	0.07681	-0.12676	0.98896
-0.94869	0.29811	0.10546	-0.30681	-0.94851	-0.07873	0.07656	-0.10704	0.9913
-0.96453	0.24698	0.09313	-0.2537	-0.96483	-0.06884	0.07285	-0.09003	0.99327
-0.97654	0.19177	0.09794	-0.19889	-0.97759	-0.06895	0.08252	-0.08681	0.9928
-0.98506	0.13992	0.10039	-0.14686	-0.987	-0.06533	0.08994	-0.07909	0.9928
-0.99135	0.09701	0.08839	-0.10227	-0.99312	-0.05705	0.08224	-0.06559	0.99445
-0.99476	0.06335	0.08029	-0.06775	-0.99627	-0.05337	0.07661	-0.05853	0.99534
-0.99709	0.04026	0.06481	-0.04432	-0.99707	-0.06237	0.06211	-0.06506	0.99595
-0.99835	0.01831	0.05441	-0.02224	-0.99712	-0.07245	0.05293	-0.07354	0.99589
-0.9979	-0.00713	0.06439	0.00203	-0.99688	-0.07891	0.06475	-0.07861	0.9948
-0.99567	-0.04531	0.0812	0.03837	-0.99564	-0.08506	0.0847	-0.08158	0.99306
-0.99214	-0.09083	0.08604	0.08366	-0.99298	-0.08359	0.09303	-0.07574	0.99278
-0.98689	-0.14061	0.0792	0.13432	-0.98771	-0.07988	0.08946	-0.06819	0.99365
-0.97694	-0.19507	0.08687	0.18799	-0.97862	-0.08341	0.10128	-0.06515	0.99272
-0.9641	-0.25211	0.08333	0.24525	-0.96578	-0.08444	0.10177	-0.06097	0.99294
-0.94742	-0.30945	0.08143	0.30309	-0.94945	-0.0817	0.10259	-0.05272	0.99333
-0.92626	-0.36495	0.09414	0.35899	-0.93036	-0.07455	0.11479	-0.03526	0.99276
-0.90408	-0.41713	0.09295	0.41241	-0.90859	-0.06616	0.11206	-0.02148	0.99347
-0.88383	-0.45925	0.08911	0.45541	-0.88821	-0.06069	0.10702	-0.01306	0.99417
-0.86407	-0.49308	0.10125	0.48909	-0.86997	-0.06278	0.11904	-0.00472	0.99288
-0.84091	-0.52635	0.12583	0.52298	-0.85015	-0.06114	0.13915	0.01439	0.99017
-0.81607	-0.5634	0.1289	0.56242	-0.82549	-0.04735	0.13308	0.03386	0.99053
-0.80507	-0.58159	0.11669	0.58161	-0.81261	-0.03743	0.11659	0.03774	0.99246
-0.79994	-0.58832	0.1182	0.58825	-0.80773	-0.03924	0.11856	0.03814	0.99221
-0.7867	-0.60706	0.11218	0.60671	-0.79386	-0.04113	0.11403	0.03571	0.99284
-0.77831	-0.62076	0.09431	0.61907	-0.78376	-0.04983	0.10484	0.0196	0.9943
-0.75984	-0.64406	0.08854	0.6419	-0.76483	-0.05478	0.103	0.01521	0.99456
-0.73509	-0.67133	0.09463	0.66916	-0.74087	-0.05786	0.10895	0.02079	0.99383
-0.70823	-0.69836	0.10341	0.69478	-0.71547	-0.07341	0.12525	0.01985	0.99193
-0.67517	-0.73204	0.09087	0.72606	-0.68126	-0.09344	0.13031	0.00289	0.99147
-0.6298	-0.77161	0.08927	0.76495	-0.63608	-0.10125	0.13491	0.00452	0.99085
-0.5859	-0.80585	0.08557	0.7998	-0.59202	-0.09912	0.13053	0.01037	0.99139
-0.542	-0.83779	0.06588	0.83269	-0.54597	-0.09249	0.11346	0.00473	0.99353
-0.50886	-0.85847	0.06397	0.85472	-0.51269	-0.08125	0.10255	0.01333	0.99464
-0.4832	-0.8707	0.0917	0.86808	-0.49008	-0.07912	0.11383	0.04137	0.99264
-0.45892	-0.8784	0.13346	0.87876	-0.47091	-0.07768	0.13108	0.08163	0.988
-0.43539	-0.88709	0.15333	0.88992	-0.44982	-0.07547	0.13592	0.10359	0.98529
-0.41634	-0.90026	0.12726	0.90126	-0.42711	-0.07286	0.11995	0.08435	0.98919
-0.39454	-0.91574	0.07589	0.91405	-0.39958	-0.06957	0.09403	0.04192	0.99469
-0.38755	-0.92011	0.0565	0.91844	-0.39066	-0.06212	0.07923	0.02782	0.99647
-0.37466	-0.92483	0.0657	0.9238	-0.37839	-0.05839	0.07886	0.03882	0.99613
-0.36321	-0.92855	0.0767	0.92744	-0.36819	-0.06557	0.08912	0.04732	0.9949
-0.3311	-0.93993	0.0831	0.93938	-0.33665	-0.06496	0.08904	0.05655	0.99442
-0.2799	-0.95673	0.07957	0.95661	-0.28493	-0.06094	0.08097	0.05906	0.99496
-0.22619	-0.96901	0.09926	0.9705	-0.23292	-0.06233	0.08352	0.08223	0.99311
-0.17817	-0.9773	0.11461	0.98	-0.18673	-0.06879	0.08863	0.10006	0.99103
-0.11668	-0.9865	0.11488	0.98955	-0.12534	-0.07129	0.08472	0.10536	0.99082
-0.05647	-0.99154	0.11689	0.99539	-0.06501	-0.07057	0.07757	0.11236	0.99063
-0.01144	-0.99214	0.12462	0.9972	-0.02054	-0.07194	0.07394	0.12345	0.98959
0.03611	-0.99243	0.1174	0.99707	0.02784	-0.07127	0.06746	0.11963	0.99052
0.0822	-0.99162	0.09969	0.995	0.07597	-0.06477	0.05666	0.10451	0.99291
0.12874	-0.98648	0.1014	0.99064	0.12325	-0.05875	0.04546	0.10801	0.99311
0.17214	-0.97886	0.11045	0.9845	0.16714	-0.05312	0.03353	0.11788	0.99246
0.22066	-0.96997	0.10236	0.97511	0.21707	-0.04513	0.02156	0.10977	0.99372
0.2506	-0.96459	0.08225	0.96788	0.24789	-0.04189	0.02002	0.0901	0.99573
0.27239	-0.95885	0.08007	0.96183	0.26905	-0.05002	0.02642	0.09064	0.99553
0.289	-0.95459	0.07238	0.95644	0.28465	-0.06481	0.04126	0.08795	0.99527
0.31231	-0.94792	0.06254	0.94867	0.30774	-0.07295	0.0499	0.08211	0.99537
0.33729	-0.9394	0.06141	0.94052	0.33344	-0.0651	0.04068	0.07971	0.99599
0.36555	-0.92807	0.07109	0.93034	0.36194	-0.0589	0.02893	0.08767	0.99573
0.40154	-0.9117	0.08703	0.91552	0.39704	-0.06474	0.02447	0.10567	0.9941
0.42496	-0.89973	0.09942	0.90485	0.41911	-0.07479	0.02562	0.12175	0.99223
0.45108	-0.8878	0.09128	0.89194	0.44486	-0.08093	0.03124	0.11792	0.99253
0.46327	-0.88211	0.0852	0.88555	0.45703	-0.08328	0.03453	0.11403	0.99288
0.48587	-0.87033	0.08037	0.87331	0.47966	-0.08521	0.03561	0.11159	0.99312
0.50975	-0.85812	0.06157	0.85961	0.50511	-0.077	0.03498	0.09217	0.99513
0.52716	-0.84864	0.04366	0.84911	0.52404	-0.06637	0.03345	0.07206	0.99684
0.54484	-0.83707	0.04955	0.83798	0.54136	-0.06872	0.0307	0.07897	0.9964
0.57007	-0.81881	0.06761	0.82141	0.56627	-0.06796	0.01736	0.09427	0.9954
0.59297	-0.80183	0.07394	0.80522	0.59018	-0.05741	0.0024	0.09359	0.99561
0.6079	-0.79056	0.07401	0.79397	0.60617	-0.04653	-0.00807	0.08705	0.99617
0.62906	-0.77393	0.07291	0.77722	0.6279	-0.04073	-0.01426	0.08229	0.99651
0.64325	-0.76157	0.07897	0.76556	0.64138	-0.05057	-0.01214	0.09298	0.99559
0.66019	-0.74743	0.07415	0.7511	0.65725	-0.0623	-0.00217	0.09682	0.9953
0.67992	-0.73086	0.05966	0.73327	0.67703	-0.06283	0.00553	0.08646	0.99624
0.70378	-0.7082	0.05612	0.7104	0.70087	-0.06414	0.00609	0.08501	0.99636
0.72744	-0.68204	0.07519	0.68617	0.72347	-0.07592	-0.00262	0.10682	0.99427
0.74565	-0.66003	0.09147	0.66631	0.73975	-0.09378	-0.00577	0.13088	0.99138
0.77866	-0.61935	0.10045	0.6273	0.77193	-0.10308	-0.0137	0.14328	0.98959
0.80671	-0.58168	0.10422	0.59038	0.80103	-0.09904	-0.02587	0.14143	0.98961
0.83221	-0.54484	0.10288	0.5533	0.82805	-0.09048	-0.03589	0.13222	0.99057
0.85132	-0.51696	0.08944	0.52377	0.84729	-0.08812	-0.03023	0.12186	0.99209
0.86325	-0.4982	0.08127	0.50412	0.85913	-0.08812	-0.02592	0.11704	0.99279
0.87363	-0.4794	0.08335	0.48557	0.86998	-0.08571	-0.03143	0.11535	0.99283
0.89039	-0.4504	0.06599	0.45465	0.88709	-0.07983	-0.02258	0.10108	0.99462
0.89903	-0.43361	0.06111	0.43732	0.89619	-0.07476	-0.02235	0.09394	0.99533
0.90834	-0.41128	0.07597	0.41657	0.90588	-0.07647	-0.03737	0.10111	0.99417
0.91564	-0.39276	0.08568	0.3994	0.91299	-0.08321	-0.04555	0.11041	0.99284
0.92486	-0.37142	0.08171	0.3779	0.92168	-0.08777	-0.04271	0.11205	0.99278
0.93928	-0.33575	0.07096	0.34111	0.93607	-0.08613	-0.0375	0.1051	0.99375
0.94967	-0.30612	0.0664	0.31109	0.94653	-0.08549	-0.03668	0.10184	0.99412
0.95979	-0.27247	0.06752	0.27803	0.9559	-0.09467	-0.03875	0.10964	0.99322
0.96997	-0.23262	0.071	0.23904	0.96565	-0.10192	-0.04485	0.11583	0.99226
0.97908	-0.19333	0.06339	0.19895	0.97496	-0.09934	-0.0426	0.10987	0.99303
0.98546	-0.1612	0.0537	0.1658	0.98142	-0.09657	-0.03713	0.10406	0.99388
0.99058	-0.12991	0.04326	0.13338	0.98693	-0.09042	-0.03095	0.09534	0.99496
0.99424	-0.09938	0.04017	0.10242	0.9913	-0.08263	-0.03161	0.08626	0.99577
0.99606	-0.07254	0.05108	0.07666	0.99351	-0.08397	-0.04465	0.08756	0.99516
0.99748	-0.04727	0.05292	0.05162	0.99513	-0.08403	-0.04869	0.08655	0.99506
0.99801	-0.02623	0.05735	0.03098	0.99601	-0.08367	-0.05493	0.08528	0.99484
0.99789	-0.01496	0.06324	0.02027	0.99624	-0.0842	-0.06175	0.0853	0.99444
0.9985	0.00277	0.0547	0.00195	0.9963	-0.08592	-0.05474	0.0859	0.9948
0.99838	0.01567	0.05479	-0.01094	0.99627	-0.08563	-0.05592	0.0849	0.99482
0.99768	0.03393	0.05909	-0.02819	0.99504	-0.09539	-0.06204	0.0935	0.99368
0.99575	0.07414	0.05468	-0.06827	0.99239	-0.10244	-0.06186	0.09828	0.99323
0.99093	0.1207	0.05899	-0.11421	0.98808	-0.10323	-0.07074	0.09556	0.99291
0.98193	0.16858	0.08602	-0.15858	0.98095	-0.11223	-0.1033	0.09656	0.98995
0.9732	0.20498	0.10428	-0.19161	0.97345	-0.12523	-0.12718	0.1019	0.98663
0.96387	0.24528	0.10385	-0.23174	0.96445	-0.12705	-0.13132	0.09839	0.98645
0.9562	0.27333	0.10477	-0.26051	0.95783	-0.12124	-0.13349	0.08864	0.98708
0.94838	0.30205	0.09668	-0.29101	0.94998	-0.11337	-0.12609	0.07938	0.98884
0.939	0.32867	0.10132	-0.31728	0.9415	-0.11365	-0.13275	0.07457	0.98834
0.92939	0.35146	0.1127	-0.33954	0.93387	-0.11226	-0.14471	0.06607	0.98727
0.91602	0.38055	0.12687	-0.3689	0.92338	-0.10618	-0.15756	0.05046	0.98622
0.90406	0.40756	0.12871	-0.39695	0.91231	-0.10061	-0.15843	0.03987	0.98657
0.89745	0.42407	0.12145	-0.41293	0.90447	-0.10684	-0.15515	0.04573	0.98683
0.88291	0.45533	0.11466	-0.44531	0.88943	-0.10302	-0.14889	0.0399	0.98805
0.87137	0.47934	0.10458	-0.47022	0.87678	-0.10075	-0.13999	0.03861	0.9894
0.85738	0.50653	0.09127	-0.49734	0.861	-0.10643	-0.13249	0.04586	0.99012
0.83181	0.54827	0.08655	-0.53929	0.8352	-0.10776	-0.13137	0.04296	0.9904
0.80437	0.58691	0.09236	-0.5772	0.80879	-0.11266	-0.14082	0.03731	0.98933
0.77721	0.6214	0.09905	-0.6096	0.78258	-0.12629	-0.15599	0.03778	0.98704
0.73465	0.67373	0.0799	-0.66339	0.73802	-0.12346	-0.14215	0.03769	0.98913
0.69324	0.71741	0.06885	-0.7087	0.69594	-0.11582	-0.131	0.0315	0.99088
0.66984	0.73861	0.07595	-0.73041	0.67386	-0.11139	-0.13345	0.01914	0.99087
0.63381	0.76995	0.07392	-0.76238	0.63799	-0.10837	-0.1306	0.01233	0.99136
0.60186	0.79542	0.07124	-0.78847	0.60602	-0.10511	-0.12678	0.00709	0.99191
0.5721	0.81777	0.06281	-0.81107	0.57547	-0.10491	-0.12194	0.00908	0.9925
0.54681	0.83492	0.06251	-0.82828	0.55035	-0.10526	-0.12228	0.00578	0.99248
0.51752	0.85293	0.06846	-0.84651	0.52202	-0.10451	-0.12488	-0.00386	0.99216
0.49639	0.86553	0.06668	-0.85911	0.50083	-0.10539	-0.12461	-0.00496	0.99219
0.47134	0.87915	0.07018	-0.87268	0.47641	-0.10702	-0.12752	-0.0108	0.99178
0.43752	0.89645	0.07031	-0.89073	0.44278	-0.10268	-0.12318	-0.0177	0.99223
0.41773	0.90671	0.05805	-0.90088	0.42165	-0.10306	-0.11793	-0.00924	0.99298
0.39479	0.91696	0.05773	-0.91069	0.39886	-0.10753	-0.12162	-0.01012	0.99252
0.35068	0.93436	0.06323	-0.92791	0.35579	-0.11129	-0.12648	-0.01965	0.99177
0.30585	0.947	0.0982	-0.94285	0.3156	-0.10694	-0.13227	-0.05988	0.9894
0.26539	0.95725	0.11511	-0.95367	0.27818	-0.11462	-0.14174	-0.07936	0.98672
0.21153	0.96976	0.12178	-0.96613	0.22631	-0.12399	-0.1478	-0.09143	0.98478
0.17181	0.97565	0.13633	-0.97276	0.18988	-0.13296	-0.15561	-0.10978	0.9817
0.13679	0.979	0.15116	-0.97895	0.15694	-0.1305	-0.15148	-0.13013	0.97986
0.10239	0.98047	0.1679	-0.98302	0.12557	-0.13379	-0.15226	-0.15135	0.97668
0.09424	0.97853	0.18331	-0.98371	0.11984	-0.13398	-0.15307	-0.16769	0.97388
0.08251	0.98041	0.17888	-0.98491	0.10762	-0.13555	-0.15215	-0.16499	0.97449
0.06824	0.98504	0.15826	-0.98814	0.08861	-0.12545	-0.13759	-0.14783	0.9794
0.07303	0.98701	0.14312	-0.98955	0.08959	-0.11294	-0.12429	-0.13338	0.98324
0.05998	0.99072	0.12195	-0.99198	0.07277	-0.10332	-0.11124	-0.11477	0.98714
0.04704	0.99557	0.08142	-0.99293	0.05549	-0.10489	-0.10894	-0.07591	0.99115
0.04684	0.99808	0.04053	-0.99255	0.05108	-0.11065	-0.11251	-0.03505	0.99303
0.04378	0.99889	0.01737	-0.99268	0.04545	-0.11187	-0.11253	-0.01235	0.99357
0.03692	0.9991	0.02093	-0.99276	0.03906	-0.11357	-0.11429	-0.01659	0.99331
0.01584	0.99981	0.01149	-0.9936	0.01702	-0.11167	-0.11184	-0.00964	0.99368
-0.00214	0.99999	0.00236	-0.99433	-0.00188	-0.10631	-0.10631	-0.00257	0.99433
-0.01709	0.99984	-0.00585	-0.99509	-0.01758	-0.09741	-0.0975	0.00416	0.99523
-0.0235	0.99972	-0.00243	-0.99512	-0.02363	-0.0958	-0.09583	0.00017	0.9954
-0.02877	0.99938	0.02035	-0.99569	-0.02685	-0.08875	-0.08815	-0.02281	0.99585
-0.04276	0.99859	0.03145	-0.99546	-0.0399	-0.08638	-0.085	-0.035	0.99577
-0.04466	0.99818	0.04053	-0.99652	-0.04165	-0.07215	-0.07033	-0.04361	0.99657
-0.03038	0.99808	0.05395	-0.99734	-0.02669	-0.06788	-0.06631	-0.05586	0.99623
-0.02458	0.99867	0.04526	-0.99771	-0.02166	-0.06408	-0.06302	-0.04673	0.99692
-0.02509	0.99887	0.04043	-0.99779	-0.02254	-0.06246	-0.06148	-0.04191	0.99723
-0.03394	0.99914	0.02385	-0.99738	-0.03233	-0.06467	-0.06384	-0.02598	0.99762
-0.04714	0.99888	0.00365	-0.99651	-0.04677	-0.06916	-0.06891	-0.0069	0.9976
-0.06356	0.99786	-0.01529	-0.99502	-0.06454	-0.07594	-0.07677	0.01038	0.997
-0.10604	0.99398	-0.02765	-0.991	-0.10792	-0.07921	-0.08172	0.019	0.99647
-0.14363	0.98955	-0.01293	-0.98514	-0.14421	-0.09328	-0.09417	-0.00066	0.99556
-0.17134	0.98519	-0.00722	-0.97886	-0.17106	-0.11213	-0.1117	-0.01214	0.99367
-0.21819	0.97589	0.00606	-0.96866	-0.21581	-0.12296	-0.11869	-0.0327	0.99239
-0.26891	0.96283	0.02549	-0.95637	-0.26378	-0.12559	-0.1142	-0.05815	0.99175
-0.31487	0.94877	0.0264	-0.94313	-0.30964	-0.12097	-0.1066	-0.06299	0.99231
-0.35856	0.9335	0.00319	-0.92749	-0.35585	-0.1146	-0.10585	-0.04405	0.99341
-0.39469	0.91863	-0.01818	-0.91232	-0.39418	-0.11088	-0.10902	-0.02718	0.99367
-0.42376	0.90537	-0.02697	-0.89875	-0.42399	-0.11175	-0.11261	-0.02311	0.99337
-0.45371	0.89104	-0.01412	-0.88453	-0.45221	-0.11452	-0.10843	-0.03947	0.99332
-0.46469	0.88547	-0.00144	-0.8803	-0.46214	-0.1072	-0.09558	-0.04855	0.99424
-0.49119	0.87095	0.01351	-0.86691	-0.48729	-0.10492	-0.08479	-0.06325	0.99439
-0.53589	0.84429	0.00025	-0.83984	-0.53304	-0.10262	-0.08651	-0.0552	0.99472
-0.58763	0.80892	-0.0182	-0.8046	-0.58657	-0.09244	-0.08545	-0.03968	0.99555
-0.64803	0.76098	-0.031	-0.75679	-0.64797	-0.08603	-0.08555	-0.03229	0.99581
-0.71406	0.6996	-0.02587	-0.69536	-0.71304	-0.08972	-0.08121	-0.04608	0.99563
-0.76567	0.64309	-0.01379	-0.63874	-0.76267	-0.10168	-0.0759	-0.06905	0.99472
-0.80862	0.58833	0.0019	-0.58506	-0.80377	-0.10795	-0.06199	-0.0884	0.99415
-0.84792	0.52999	0.01154	-0.52766	-0.8417	-0.11454	-0.05099	-0.10322	0.99335
-0.88003	0.47487	0.00743	-0.47253	-0.87391	-0.11404	-0.04766	-0.10387	0.99345
-0.9023	0.43102	-0.00828	-0.42768	-0.89739	-0.10852	-0.0542	-0.09438	0.99406
-0.92085	0.38977	-0.01066	-0.38669	-0.9164	-0.1034	-0.05007	-0.09109	0.99458
-0.93276	0.36049	-0.00023	-0.35856	-0.92784	-0.10273	-0.03724	-0.09574	0.99471
-0.9425	0.33361	0.0198	-0.3339	-0.93754	-0.09762	-0.014	-0.09862	0.99503
-0.95376	0.29962	0.02379	-0.30054	-0.94975	-0.08746	-0.00361	-0.09056	0.99588
-0.96336	0.26718	0.02343	-0.26821	-0.95936	-0.08772	-0.00096	-0.09079	0.99587
-0.9717	0.23542	0.01958	-0.23623	-0.96766	-0.08844	-0.00188	-0.09057	0.99589
-0.97539	0.21987	0.01674	-0.22048	-0.97127	-0.08958	-0.00344	-0.09106	0.99584
-0.9802	0.19794	0.00526	-0.19752	-0.97556	-0.09633	-0.01394	-0.09546	0.99534
-0.98426	0.17669	0.00184	-0.17601	-0.97944	-0.09861	-0.01562	-0.09738	0.99512
-0.98696	0.16065	0.00979	-0.16079	-0.98156	-0.10337	-0.007	-0.10359	0.9946
-0.98985	0.13938	0.02792	-0.14164	-0.98366	-0.11109	0.01198	-0.11392	0.99342
-0.99302	0.11421	0.02941	-0.11686	-0.98651	-0.11463	0.01592	-0.11726	0.99297
-0.99619	0.08692	0.00738	-0.08721	-0.99051	-0.10622	-0.00192	-0.10646	0.99432
-0.9975	0.07037	-0.00626	-0.06941	-0.99266	-0.09907	-0.01319	-0.09839	0.99506
-0.99837	0.05433	-0.0172	-0.05243	-0.99393	-0.09673	-0.02235	-0.09567	0.99516
-0.99863	0.04767	-0.02141	-0.04541	-0.99436	-0.09585	-0.02586	-0.09474	0.99517
-0.99842	0.04995	-0.02579	-0.04725	-0.99424	-0.09624	-0.03044	-0.09487	0.99502
-0.99903	0.04048	-0.01711	-0.03861	-0.99443	-0.09806	-0.02098	-0.0973	0.99503
-0.99941	0.03197	-0.01276	-0.03046	-0.99403	-0.10479	-0.01603	-0.10434	0.99441
-0.99959	0.02846	-0.00126	-0.02816	-0.99387	-0.10688	-0.00429	-0.1068	0.99427
-0.99993	-0.00055	0.01147	-0.00072	-0.99382	-0.11102	0.01146	-0.11102	0.99375
-0.99893	-0.04437	0.01306	0.04268	-0.99305	-0.10972	0.01784	-0.10905	0.99388
-0.9971	-0.0761	0.00238	0.0754	-0.99121	-0.10868	0.01063	-0.10819	0.99407
-0.99476	-0.09975	-0.02225	0.10157	-0.98912	-0.10638	-0.0114	-0.10808	0.99408
-0.99136	-0.12641	-0.03496	0.1294	-0.98614	-0.10386	-0.02135	-0.10748	0.99398
-0.98843	-0.14814	-0.03253	0.1508	-0.98286	-0.10609	-0.01626	-0.10976	0.99382
-0.98361	-0.1791	-0.02078	0.1803	-0.97727	-0.11152	-0.00033	-0.11344	0.99354
-0.97609	-0.21695	-0.01333	0.21709	-0.96999	-0.10949	0.01082	-0.10977	0.9939
-0.97173	-0.23543	-0.01781	0.23589	-0.96489	-0.11555	0.01002	-0.11648	0.99314
-0.96816	-0.24946	-0.02108	0.25024	-0.96181	-0.11091	0.00739	-0.11265	0.99361
-0.96305	-0.2686	-0.01989	0.26914	-0.95681	-0.10987	0.01048	-0.11116	0.99375
-0.96068	-0.27754	-0.00836	0.27684	-0.95511	-0.1055	0.0213	-0.10366	0.99438
-0.95879	-0.28409	0.00313	0.2821	-0.95325	-0.1083	0.03375	-0.10295	0.99411
-0.95478	-0.29731	0.00303	0.29526	-0.94929	-0.10804	0.035	-0.10226	0.99414
-0.94772	-0.3191	0.00265	0.31681	-0.94187	-0.11187	0.03819	-0.10518	0.99372
-0.93934	-0.34295	-0.00506	0.34135	-0.93333	-0.11125	0.03343	-0.10623	0.99378
-0.92827	-0.37189	-0.00431	0.37006	-0.92243	-0.11031	0.03705	-0.10399	0.99389
-0.9204	-0.39086	-0.00955	0.38959	-0.91481	-0.10655	0.03291	-0.10179	0.99426
-0.91102	-0.41219	-0.01197	0.41097	-0.90518	-0.10845	0.03386	-0.10372	0.99403
-0.90379	-0.42726	-0.02491	0.4273	-0.89755	-0.10871	0.02409	-0.1089	0.99376
-0.89746	-0.43921	-0.04072	0.44089	-0.89044	-0.11287	0.01332	-0.11925	0.99277
-0.8901	-0.45377	-0.04273	0.45555	-0.88281	-0.11458	0.01427	-0.12145	0.99249
-0.87677	-0.47971	-0.03405	0.47985	-0.86794	-0.12817	0.03193	-0.12871	0.99117
-0.85962	-0.51023	-0.02678	0.50869	-0.84976	-0.13836	0.04784	-0.13256	0.99002
-0.83636	-0.54759	-0.02551	0.54529	-0.82627	-0.1412	0.05624	-0.132	0.98965
-0.81182	-0.58357	-0.01989	0.58085	-0.8036	-0.12974	0.05973	-0.11688	0.99135
-0.78482	-0.61967	-0.00754	0.61576	-0.77839	-0.12226	0.06989	-0.10059	0.99247
-0.76584	-0.64303	0.00127	0.63891	-0.76115	-0.11157	0.07271	-0.08463	0.99376
-0.74912	-0.66243	0.00364	0.65861	-0.74537	-0.10321	0.07108	-0.07492	0.99465
-0.73256	-0.6805	-0.01669	0.6793	-0.72926	-0.08209	0.04369	-0.07148	0.99648
-0.72242	-0.69107	-0.02319	0.6905	-0.71924	-0.07684	0.03642	-0.07153	0.99677
-0.71953	-0.69373	-0.03176	0.69407	-0.71683	-0.06648	0.02335	-0.06988	0.99728
-0.70929	-0.70483	-0.01105	0.70374	-0.70711	-0.06883	0.0407	-0.0566	0.99757
-0.69306	-0.72087	0.00407	0.71873	-0.69142	-0.07321	0.05558	-0.04781	0.99731
-0.67257	-0.74003	0.0025	0.73785	-0.67084	-0.07453	0.05683	-0.04829	0.99722
-0.63905	-0.7689	-0.0204	0.76801	-0.63642	-0.07159	0.04206	-0.06142	0.99723
-0.60754	-0.7934	-0.03758	0.79319	-0.60354	-0.08114	0.0417	-0.0791	0.99599
-0.59156	-0.80576	-0.02844	0.80533	-0.58882	-0.06876	0.03865	-0.06358	0.99723
-0.56824	-0.82245	-0.02603	0.8222	-0.56623	-0.0581	0.03305	-0.05442	0.99797
-0.52442	-0.85044	-0.04177	0.85075	-0.52134	-0.06659	0.03485	-0.07045	0.99691
-0.49396	-0.86809	-0.04913	0.8682	-0.48938	-0.08206	0.0472	-0.08319	0.99542
-0.484	-0.87477	-0.02276	0.87307	-0.48098	-0.08012	0.05914	-0.05865	0.99653
-0.45237	-0.89173	-0.01334	0.89009	-0.4505	-0.06921	0.05571	-0.04319	0.99751
-0.40574	-0.91389	-0.01301	0.91311	-0.40469	-0.04964	0.0401	-0.03202	0.99868
-0.38116	-0.92451	0.00169	0.92359	-0.38086	-0.04389	0.04122	-0.01517	0.99903
-0.36782	-0.92989	-0.00435	0.9292	-0.36736	-0.04031	0.03588	-0.01887	0.99918
-0.35666	-0.9342	-0.00851	0.93387	-0.35624	-0.03135	0.02626	-0.01913	0.99947
-0.35375	-0.9349	-0.02875	0.93503	-0.35269	-0.03637	0.02387	-0.03975	0.99892
-0.33929	-0.93978	-0.0413	0.94039	-0.33776	-0.03973	0.02338	-0.05231	0.99836
-0.32992	-0.9427	-0.0497	0.94362	-0.32783	-0.04586	0.02694	-0.06203	0.99771
-0.32517	-0.94342	-0.06495	0.94539	-0.32267	-0.0461	0.02254	-0.07639	0.99682
-0.31202	-0.94775	-0.06646	0.94972	-0.30921	-0.04927	0.02614	-0.07849	0.99657
-0.28818	-0.95518	-0.06778	0.957	-0.28482	-0.05511	0.03334	-0.08074	0.99618
-0.24518	-0.96697	-0.06973	0.96854	-0.24116	-0.06136	0.04252	-0.08258	0.99568
-0.20197	-0.97621	-0.0789	0.97807	-0.19686	-0.06801	0.05086	-0.0909	0.99456
-0.16186	-0.9838	-0.07702	0.98531	-0.15681	-0.06762	0.05444	-0.08684	0.99473
-0.13193	-0.98815	-0.07851	0.98967	-0.12681	-0.06692	0.05617	-0.08652	0.99467
-0.10493	-0.99101	-0.08296	0.99308	-0.1	-0.06161	0.05276	-0.08885	0.99465
-0.09825	-0.99135	-0.08699	0.99376	-0.0931	-0.06143	0.0528	-0.09248	0.99431
-0.09803	-0.99148	-0.08577	0.99392	-0.09321	-0.05858	0.05009	-0.09099	0.99459
-0.09166	-0.99179	-0.08916	0.99465	-0.0869	-0.05586	0.04765	-0.0938	0.99445
-0.07124	-0.99291	-0.09512	0.9966	-0.06691	-0.048	0.0413	-0.09822	0.99431
-0.06587	-0.993	-0.09806	0.99726	-0.06218	-0.04018	0.0338	-0.10044	0.99437
-0.06043	-0.99526	-0.07622	0.99729	-0.05698	-0.04658	0.04202	-0.07883	0.996
-0.04702	-0.99545	-0.08286	0.99761	-0.04259	-0.05444	0.05067	-0.08522	0.99507
-0.01914	-0.99522	-0.09575	0.99832	-0.01378	-0.0563	0.05471	-0.09667	0.99381
0.00606	-0.99437	-0.1058	0.99851	0.01177	-0.05336	0.05431	-0.10532	0.99295
0.03008	-0.99413	-0.10395	0.99765	0.03626	-0.05813	0.06156	-0.10196	0.99288
0.05431	-0.99317	-0.10325	0.99624	0.06089	-0.06169	0.06755	-0.09951	0.99274
0.07835	-0.99178	-0.10118	0.99393	0.08558	-0.0692	0.07729	-0.09514	0.99246
0.10454	-0.99015	-0.09317	0.99115	0.11143	-0.0721	0.08178	-0.08481	0.99304
0.11754	-0.98928	-0.08661	0.98916	0.12435	-0.07803	0.08797	-0.0765	0.99318
0.12965	-0.98752	-0.08943	0.98763	0.13663	-0.07696	0.08822	-0.07834	0.99302
0.13827	-0.98612	-0.09197	0.98681	0.14507	-0.0719	0.08424	-0.08081	0.99316
0.13702	-0.98584	-0.09665	0.98686	0.14429	-0.07269	0.08561	-0.08542	0.99266
0.13287	-0.98708	-0.0895	0.98734	0.13972	-0.07515	0.08668	-0.07838	0.99315
0.13837	-0.98742	-0.07657	0.98651	0.14424	-0.07741	0.08748	-0.06483	0.99405
0.14402	-0.9869	-0.07271	0.98634	0.1491	-0.07002	0.07994	-0.06163	0.99489
0.15028	-0.98701	-0.05679	0.98597	0.15384	-0.06472	0.07262	-0.04627	0.99629
0.15197	-0.98683	-0.05538	0.98547	0.15559	-0.06817	0.07589	-0.04422	0.99614
0.15691	-0.98494	-0.07256	0.9838	0.16234	-0.07611	0.08674	-0.05944	0.99446
0.17995	-0.98087	-0.07424	0.97927	0.18576	-0.08072	0.09297	-0.05817	0.99397
0.21122	-0.97466	-0.07363	0.97245	0.21715	-0.08474	0.09858	-0.05371	0.99368
0.23804	-0.96923	-0.06269	0.96503	0.24332	-0.09751	0.10976	-0.03729	0.99326
0.25629	-0.96421	-0.0679	0.95797	0.26274	-0.11519	0.12891	-0.03553	0.99102
0.29237	-0.95399	-0.0665	0.94638	0.29863	-0.12322	0.13741	-0.02691	0.99015
0.32383	-0.94374	-0.06695	0.93653	0.32979	-0.11895	0.13434	-0.02418	0.99064
0.35371	-0.93157	-0.0841	0.92601	0.36144	-0.10894	0.13188	-0.03934	0.99048
0.38037	-0.91972	-0.09714	0.91522	0.38944	-0.10347	0.13299	-0.04955	0.98988
0.3965	-0.91257	-0.10001	0.90821	0.40581	-0.10229	0.13393	-0.05027	0.98971
0.421	-0.90107	-0.10405	0.8958	0.43105	-0.10835	0.14248	-0.04759	0.98865
0.45493	-0.88571	-0.09251	0.87912	0.46325	-0.11204	0.14209	-0.03036	0.98939
0.48909	-0.86732	-0.09246	0.86132	0.49696	-0.10558	0.13752	-0.028	0.9901
0.5348	-0.84052	-0.08668	0.83381	0.54157	-0.10704	0.13691	-0.01503	0.99047
0.57722	-0.81187	-0.08766	0.80465	0.58378	-0.10832	0.13912	-0.00801	0.99024
0.61994	-0.77925	-0.09191	0.77174	0.6267	-0.10803	0.14178	-0.00395	0.98989
0.66302	-0.74249	-0.0955	0.73456	0.66986	-0.10822	0.14433	0.0016	0.98953
0.71116	-0.69638	-0.09647	0.6884	0.71763	-0.10545	0.14267	0.00858	0.98973
0.75776	-0.64698	-0.08493	0.6385	0.76201	-0.108	0.1346	0.02761	0.99052
0.79243	-0.60597	-0.06967	0.59567	0.79338	-0.12536	0.13123	0.05784	0.98966
0.82602	-0.56073	-0.05731	0.54957	0.8238	-0.13902	0.12516	0.08333	0.98863
0.85713	-0.51283	-0.04839	0.50239	0.85301	-0.14137	0.11377	0.09686	0.98877
0.88325	-0.46575	-0.05432	0.45543	0.87966	-0.13702	0.1116	0.09628	0.98908
0.90468	-0.42077	-0.06711	0.41039	0.90283	-0.12833	0.11459	0.08856	0.98946
0.91961	-0.38527	-0.07669	0.37472	0.91893	-0.1231	0.1179	0.08447	0.98943
0.92953	-0.36044	-0.0778	0.34997	0.92881	-0.12178	0.11615	0.08597	0.9895
0.93687	-0.34245	-0.07074	0.33366	0.936	-0.11214	0.10461	0.08146	0.99117
0.94179	-0.33138	-0.05672	0.32518	0.9407	-0.09662	0.08538	0.07255	0.9937
0.94173	-0.33021	-0.06401	0.32368	0.94143	-0.09457	0.09149	0.06834	0.99346
0.94443	-0.3201	-0.07472	0.31344	0.94546	-0.08868	0.09903	0.06033	0.99325
0.94853	-0.30287	-0.09252	0.29572	0.95163	-0.0834	0.1133	0.05175	0.99221
0.95434	-0.28005	-0.10401	0.27292	0.95889	-0.07771	0.1215	0.04577	0.99154
0.96174	-0.25227	-0.1069	0.24464	0.96635	-0.07949	0.12335	0.0503	0.99109
0.96772	-0.22686	-0.10982	0.21834	0.97222	-0.08437	0.12591	0.05767	0.99036
0.97447	-0.20027	-0.10147	0.19081	0.97694	-0.09578	0.11831	0.07398	0.99022
0.9794	-0.17641	-0.09828	0.16572	0.98024	-0.10803	0.11539	0.08952	0.98928
0.98412	-0.14367	-0.10424	0.13226	0.98518	-0.10918	0.11838	0.09366	0.98854
0.9872	-0.10937	-0.11606	0.09662	0.98919	-0.11034	0.12687	0.09771	0.9871
0.98953	-0.07768	-0.12165	0.06489	0.99227	-0.10581	0.12893	0.09681	0.98692
0.99012	-0.05247	-0.13002	0.03981	0.99438	-0.09813	0.13444	0.09198	0.98664
0.99082	-0.04205	-0.12848	0.03047	0.99541	-0.09076	0.13171	0.08602	0.98755
0.99196	-0.04209	-0.11933	0.0317	0.99565	-0.08766	0.1225	0.08317	0.98898
0.99207	-0.04246	-0.11829	0.03331	0.99638	-0.07826	0.12119	0.0737	0.98989
0.99342	-0.03687	-0.10842	0.02867	0.99668	-0.07623	0.11088	0.07262	0.99118
0.99278	-0.0427	-0.11212	0.03418	0.99646	-0.0768	0.11501	0.07242	0.99072
0.99355	-0.04161	-0.10544	0.03342	0.99638	-0.07822	0.10831	0.07419	0.99134
0.99294	-0.02524	-0.11587	0.01671	0.99711	-0.07406	0.1174	0.0716	0.9905
0.99143	0.00156	-0.13061	-0.01079	0.99749	-0.06995	0.13017	0.07076	0.98896
0.99044	0.01714	-0.13686	-0.02684	0.99723	-0.06933	0.1353	0.07235	0.98816
0.98832	0.0339	-0.14857	-0.04434	0.99673	-0.06756	0.14579	0.07336	0.98659
0.98803	0.05262	-0.14503	-0.06344	0.99546	-0.07102	0.14063	0.07937	0.98688
0.98934	0.07909	-0.12231	-0.08878	0.99316	-0.07588	0.11547	0.08593	0.98959
0.988	0.10652	-0.11182	-0.1158	0.99004	-0.0801	0.10217	0.09209	0.99049
0.98726	0.12116	-0.10311	-0.1297	0.98827	-0.08058	0.09213	0.09293	0.9914
0.98417	0.13295	-0.11716	-0.14224	0.98701	-0.07476	0.1057	0.09024	0.99029
0.97766	0.15029	-0.14693	-0.16077	0.98503	-0.06217	0.13538	0.08441	0.98719
0.97443	0.15955	-0.1582	-0.16974	0.98406	-0.05305	0.14721	0.07854	0.98598
0.97418	0.15894	-0.16035	-0.16673	0.98533	-0.03628	0.15223	0.06208	0.98639
0.97585	0.15618	-0.15274	-0.16234	0.98632	-0.02867	0.14617	0.05277	0.98785
0.97858	0.15624	-0.13403	-0.16083	0.98669	-0.02405	0.12849	0.04509	0.99069
0.98095	0.16252	-0.10637	-0.16527	0.98609	-0.01753	0.10204	0.03478	0.99417
0.98267	0.16524	-0.08394	-0.16713	0.98581	-0.01592	0.08012	0.02967	0.99634
0.98414	0.16347	-0.06892	-0.16528	0.98601	-0.02145	0.06445	0.0325	0.99739
0.98243	0.17188	-0.07267	-0.17406	0.98442	-0.02477	0.06728	0.03698	0.99705
0.98047	0.17977	-0.07973	-0.18267	0.98269	-0.03073	0.07282	0.04469	0.99634
0.97738	0.19358	-0.08512	-0.1971	0.97976	-0.03503	0.07662	0.05101	0.99575
0.97196	0.22089	-0.08066	-0.22427	0.97388	-0.03542	0.07073	0.05252	0.99611
0.96827	0.24017	-0.06905	-0.24316	0.96922	-0.03858	0.05766	0.05415	0.99687
0.96622	0.2523	-0.05262	-0.25446	0.96628	-0.03938	0.04091	0.05144	0.99784
0.96217	0.2659	-0.05941	-0.26864	0.96223	-0.04416	0.04543	0.05845	0.99726
0.95823	0.27899	-0.06299	-0.28219	0.95809	-0.04928	0.0466	0.065	0.9968
0.95588	0.28796	-0.05811	-0.29079	0.95559	-0.04784	0.04175	0.06263	0.99716
0.94634	0.31873	-0.05338	-0.32136	0.94558	-0.05112	0.03418	0.06553	0.99726
0.93013	0.36326	-0.05392	-0.36594	0.92913	-0.05303	0.03083	0.06905	0.99714
0.91655	0.39635	-0.0534	-0.3991	0.91505	-0.05832	0.02575	0.07477	0.99687
0.89802	0.43461	-0.06833	-0.43871	0.89628	-0.06501	0.03299	0.08836	0.99554
0.8729	0.47991	-0.08795	-0.48571	0.87181	-0.06352	0.04619	0.09817	0.9941
0.84421	0.52692	-0.0983	-0.53349	0.84375	-0.0589	0.05191	0.10217	0.99341
0.81164	0.57569	-0.09914	-0.58233	0.81078	-0.05939	0.04619	0.10594	0.9933
0.77378	0.62643	-0.09403	-0.63275	0.77135	-0.06818	0.02982	0.11226	0.99323
0.73372	0.67466	-0.08054	-0.67942	0.72957	-0.07821	0.006	0.1121	0.99368
0.68747	0.72189	-0.07912	-0.72616	0.68191	-0.08773	-0.00938	0.11776	0.993
0.63224	0.77176	-0.06831	-0.7742	0.6259	-0.0942	-0.02995	0.11244	0.99321
0.58733	0.80587	-0.07496	-0.80857	0.58018	-0.09803	-0.03551	0.11819	0.99236
0.53817	0.83857	-0.08468	-0.84231	0.53154	-0.08932	-0.02989	0.11939	0.9924
0.49442	0.86412	-0.09404	-0.86884	0.48808	-0.08306	-0.02588	0.12277	0.9921
0.46296	0.88155	-0.09243	-0.88597	0.45704	-0.07859	-0.02703	0.11828	0.99261
0.43939	0.8938	-0.0898	-0.89794	0.4342	-0.07193	-0.0253	0.11224	0.99336
0.41897	0.9045	-0.07965	-0.90769	0.41494	-0.06266	-0.02363	0.09855	0.99485
0.40377	0.91177	-0.07511	-0.9146	0.40033	-0.05696	-0.02187	0.0917	0.99555
0.3816	0.92121	-0.07589	-0.92407	0.37826	-0.05492	-0.02189	0.09109	0.9956
0.36103	0.92873	-0.08442	-0.9324	0.35781	-0.05111	-0.01726	0.09717	0.99512
0.33873	0.93694	-0.08605	-0.94071	0.33548	-0.05024	-0.0182	0.09796	0.99502
0.31568	0.94474	-0.08843	-0.94859	0.31197	-0.05341	-0.02287	0.10075	0.99465
0.29305	0.95108	-0.09782	-0.95569	0.28838	-0.05913	-0.02802	0.11081	0.99345
0.26606	0.96083	-0.07753	-0.96283	0.261	-0.06958	-0.04662	0.09316	0.99456
0.22323	0.97188	-0.07497	-0.97321	0.21788	-0.0734	-0.055	0.08935	0.99448
0.18143	0.98111	-0.06712	-0.98198	0.17707	-0.06609	-0.05295	0.0779	0.99555
0.16241	0.98472	-0.06279	-0.98485	0.15785	-0.07181	-0.0608	0.0735	0.99544
0.15104	0.98592	-0.07182	-0.98692	0.14626	-0.06774	-0.05628	0.08111	0.99511
0.14007	0.9876	-0.0709	-0.98862	0.13552	-0.06538	-0.05496	0.07925	0.99534
0.12746	0.99005	-0.05964	-0.99029	0.12366	-0.06348	-0.05547	0.06715	0.9962
0.11125	0.99268	-0.04704	-0.99235	0.10842	-0.05901	-0.05348	0.05324	0.99715
0.10167	0.99436	-0.03029	-0.99322	0.09973	-0.05981	-0.05645	0.03616	0.99775
0.10664	0.99407	-0.02107	-0.99267	0.10523	-0.05938	-0.05681	0.02725	0.99801
0.09884	0.99496	-0.01677	-0.99366	0.09778	-0.05557	-0.05365	0.02215	0.99831
0.08813	0.99562	-0.03127	-0.99505	0.08654	-0.04889	-0.04597	0.03543	0.99831
0.07275	0.99678	-0.03362	-0.99664	0.07138	-0.04025	-0.03772	0.03643	0.99862
0.05364	0.99804	-0.03208	-0.99796	0.05247	-0.03628	-0.03452	0.03396	0.99883
0.03156	0.99917	-0.02583	-0.99856	0.0304	-0.04431	-0.04349	0.02719	0.99868
0.00731	0.99973	-0.02216	-0.99841	0.00606	-0.05607	-0.05592	0.02253	0.99818
-0.02474	0.99927	-0.02916	-0.9976	-0.02656	-0.06402	-0.06475	0.02751	0.99752
-0.06528	0.99697	-0.0423	-0.99562	-0.06792	-0.06429	-0.06697	0.03792	0.99703
-0.10686	0.99231	-0.0625	-0.9926	-0.11011	-0.05116	-0.05765	0.05657	0.99673
-0.12916	0.98851	-0.07853	-0.99015	-0.13288	-0.04412	-0.05405	0.07206	0.99593
-0.13656	0.98743	-0.07955	-0.98898	-0.14052	-0.04651	-0.05711	0.07232	0.99575
-0.15546	0.98509	-0.07373	-0.9861	-0.15918	-0.04766	-0.05869	0.0653	0.99614
-0.18137	0.9808	-0.07163	-0.98137	-0.1852	-0.05111	-0.06339	0.06103	0.99612
-0.2017	0.9758	-0.08447	-0.97724	-0.20628	-0.04945	-0.06568	0.07257	0.9952
-0.20879	0.97395	-0.08843	-0.97572	-0.21358	-0.04855	-0.06618	0.07614	0.9949
-0.21906	0.97093	-0.0965	-0.97316	-0.22457	-0.05036	-0.07056	0.08287	0.99406
-0.23881	0.96671	-0.09184	-0.96889	-0.24353	-0.04403	-0.06493	0.07847	0.9948
-0.26175	0.95968	-0.10244	-0.96316	-0.26652	-0.03589	-0.06174	0.08928	0.99409
-0.2848	0.95205	-0.11174	-0.95634	-0.29017	-0.0348	-0.06556	0.09695	0.99313
-0.30053	0.94714	-0.11227	-0.95128	-0.30616	-0.03641	-0.06885	0.09586	0.99301
-0.3071	0.94434	-0.11797	-0.94787	-0.31458	-0.05071	-0.085	0.09624	0.99172
-0.32314	0.93806	-0.12499	-0.94142	-0.33211	-0.05864	-0.09652	0.09872	0.99042
-0.34486	0.93137	-0.11668	-0.93318	-0.3536	-0.06437	-0.10121	0.08668	0.99108
-0.35657	0.92681	-0.11778	-0.92807	-0.36588	-0.06947	-0.10748	0.08453	0.99061
-0.36719	0.92031	-0.13488	-0.92327	-0.37822	-0.0672	-0.11285	0.09985	0.98858
-0.37541	0.91354	-0.15659	-0.91972	-0.38809	-0.05918	-0.11483	0.1218	0.98589
-0.36877	0.91434	-0.16733	-0.92281	-0.38172	-0.05213	-0.11154	0.13519	0.98452
-0.35558	0.92162	-0.15551	-0.92875	-0.36707	-0.05182	-0.10484	0.126	0.98647
-0.36284	0.91968	-0.15012	-0.92677	-0.37295	-0.04481	-0.0972	0.12287	0.98765
-0.36265	0.92142	-0.13956	-0.92767	-0.37122	-0.04033	-0.08896	0.11484	0.98939
-0.35316	0.92565	-0.1358	-0.93146	-0.36146	-0.0415	-0.0875	0.11184	0.98987
-0.35325	0.92696	-0.12635	-0.93177	-0.3607	-0.04119	-0.08376	0.10318	0.99113
-0.35705	0.92488	-0.13083	-0.93014	-0.3649	-0.04114	-0.08579	0.107	0.99055
-0.37368	0.91904	-0.12541	-0.92364	-0.3811	-0.04062	-0.08513	0.10065	0.99127
-0.39756	0.91104	-0.10936	-0.91381	-0.40389	-0.04268	-0.08305	0.08297	0.99309
-0.41637	0.9032	-0.10426	-0.90447	-0.42315	-0.05367	-0.09259	0.07196	0.9931
-0.44243	0.89086	-0.10308	-0.891	-0.44971	-0.06229	-0.10185	0.06428	0.99272
-0.47559	0.87396	-0.10006	-0.87246	-0.48317	-0.07327	-0.11238	0.05245	0.99228
-0.5034	0.85721	-0.10847	-0.85556	-0.51207	-0.07616	-0.12083	0.05446	0.99118
-0.52278	0.84578	-0.1066	-0.84344	-0.53133	-0.07931	-0.12372	0.04844	0.99113
-0.52488	0.84497	-0.10265	-0.84162	-0.53322	-0.08581	-0.12724	0.04135	0.99101
-0.52247	0.84623	-0.1045	-0.84221	-0.53131	-0.09163	-0.13307	0.04014	0.99029
-0.52361	0.84573	-0.10279	-0.84236	-0.53199	-0.0861	-0.1275	0.0415	0.99097
-0.52907	0.84225	-0.10341	-0.83962	-0.53725	-0.08004	-0.12298	0.04448	0.99141
-0.53305	0.83834	-0.11424	-0.83715	-0.54216	-0.07242	-0.12265	0.05703	0.99081
-0.53338	0.83857	-0.11094	-0.83861	-0.54139	-0.06027	-0.1106	0.06089	0.992
-0.52523	0.84442	-0.10532	-0.84381	-0.53282	-0.0639	-0.11008	0.05531	0.99238
-0.52781	0.84254	-0.10744	-0.84196	-0.53567	-0.06448	-0.11188	0.05643	0.99212
-0.54518	0.83052	-0.11408	-0.83022	-0.55376	-0.06396	-0.11629	0.05984	0.99141
-0.56616	0.81685	-0.11055	-0.81661	-0.57408	-0.05974	-0.11227	0.05645	0.99207
-0.57615	0.81203	-0.09304	-0.81018	-0.58243	-0.06619	-0.10794	0.03724	0.99346
-0.59607	0.7987	-0.08231	-0.79544	-0.60137	-0.07507	-0.10946	0.02072	0.99378
-0.62928	0.7721	-0.08866	-0.76834	-0.63522	-0.07838	-0.11684	0.0188	0.99297
-0.65271	0.75154	-0.0957	-0.74795	-0.65933	-0.0765	-0.12059	0.02165	0.99247
-0.67864	0.72586	-0.11217	-0.72276	-0.68715	-0.07378	-0.13063	0.031	0.99095
-0.68998	0.71369	-0.12071	-0.71037	-0.69968	-0.07633	-0.13894	0.03308	0.98975
-0.69617	0.70731	-0.12271	-0.70258	-0.70641	-0.08582	-0.14738	0.02647	0.98873
-0.70687	0.69689	-0.12116	-0.69176	-0.71684	-0.08727	-0.14767	0.02213	0.98879
-0.72143	0.6828	-0.11541	-0.67773	-0.7304	-0.08485	-0.14223	0.01701	0.98969
-0.73737	0.66222	-0.13319	-0.65754	-0.74884	-0.08294	-0.15466	0.02642	0.98762
-0.73821	0.6568	-0.15383	-0.65247	-0.7531	-0.08437	-0.17126	0.03809	0.98449
-0.7456	0.64554	-0.16539	-0.64148	-0.7625	-0.08424	-0.18049	0.04329	0.98262
-0.76337	0.62072	-0.17879	-0.61738	-0.78251	-0.08072	-0.19001	0.04876	0.98057
-0.78438	0.58769	-0.19838	-0.58552	-0.8071	-0.07587	-0.2047	0.05664	0.97718
-0.80785	0.54559	-0.22295	-0.54458	-0.83564	-0.07165	-0.2254	0.06354	0.97219
-0.83347	0.49931	-0.23669	-0.49962	-0.86394	-0.06319	-0.23603	0.06558	0.96953
-0.86148	0.45905	-0.2171	-0.4569	-0.88728	-0.06311	-0.2216	0.04482	0.97411
-0.88345	0.42563	-0.19587	-0.41959	-0.90473	-0.07351	-0.2085	0.01725	0.97787
-0.90483	0.38031	-0.19142	-0.37272	-0.92486	-0.07562	-0.2058	0.00292	0.97859
-0.92009	0.34544	-0.1847	-0.33494	-0.93828	-0.08632	-0.20311	-0.01756	0.979
-0.93348	0.3102	-0.17995	-0.29712	-0.94997	-0.09628	-0.20081	-0.03641	0.97895
-0.94579	0.2702	-0.18022	-0.25573	-0.9616	-0.09965	-0.20023	-0.04816	0.97857
-0.95265	0.23959	-0.1872	-0.22471	-0.96955	-0.09735	-0.20483	-0.05068	0.97749
-0.95413	0.2279	-0.19417	-0.21283	-0.97241	-0.09555	-0.21059	-0.04984	0.9763
-0.9559	0.22588	-0.1877	-0.20931	-0.97229	-0.10411	-0.20602	-0.06023	0.97669
-0.95892	0.21852	-0.18088	-0.20155	-0.97355	-0.10761	-0.19961	-0.06673	0.9776
-0.9684	0.19182	-0.15938	-0.17682	-0.97877	-0.10365	-0.17588	-0.07219	0.98176
-0.97598	0.15578	-0.15232	-0.14302	-0.98548	-0.09147	-0.16436	-0.06749	0.98409
-0.98168	0.12631	-0.14264	-0.11569	-0.99002	-0.08047	-0.15138	-0.0625	0.9865
-0.98113	0.12485	-0.14762	-0.11458	-0.99049	-0.07618	-0.15573	-0.05783	0.98611
-0.97941	0.1322	-0.15254	-0.12013	-0.98904	-0.08585	-0.16222	-0.06576	0.98456
-0.97828	0.1195	-0.16935	-0.10678	-0.99087	-0.08234	-0.17765	-0.06247	0.98211
-0.9806	0.08471	-0.17677	-0.07281	-0.99469	-0.07272	-0.18199	-0.05844	0.98156
-0.98677	0.06691	-0.14768	-0.05606	-0.99549	-0.07647	-0.15213	-0.06718	0.98608
-0.99136	0.05906	-0.11712	-0.04874	-0.99483	-0.08915	-0.12178	-0.08267	0.98911
-0.99242	0.03264	-0.11847	-0.02119	-0.99509	-0.09666	-0.12104	-0.09341	0.98824
-0.99347	-0.00441	-0.11399	0.01588	-0.99487	-0.09991	-0.11297	-0.10107	0.98844
-0.9926	-0.03049	-0.11754	0.04267	-0.99381	-0.10258	-0.11368	-0.10684	0.98776
-0.99042	-0.06427	-0.12221	0.07663	-0.9921	-0.09934	-0.11486	-0.10776	0.98752
-0.9862	-0.09683	-0.1343	0.10976	-0.98965	-0.09245	-0.12396	-0.10592	0.98662
-0.98538	-0.10428	-0.13475	0.11778	-0.98835	-0.09639	-0.12313	-0.11086	0.98618
-0.98556	-0.10619	-0.13187	0.11987	-0.98769	-0.10055	-0.11957	-0.1149	0.98615
-0.98528	-0.11783	-0.12388	0.1308	-0.9861	-0.10244	-0.11009	-0.11713	0.987
-0.98573	-0.11995	-0.11812	0.13283	-0.98524	-0.10798	-0.10343	-0.12213	0.98711
-0.98619	-0.10554	-0.12761	0.12073	-0.98567	-0.11777	-0.11336	-0.13155	0.98481
-0.98347	-0.11627	-0.13879	0.13242	-0.98468	-0.11348	-0.12346	-0.12999	0.9838
-0.98127	-0.12251	-0.14864	0.14024	-0.98338	-0.11535	-0.13203	-0.13403	0.98214
-0.98018	-0.12999	-0.14951	0.14718	-0.98294	-0.11034	-0.13261	-0.13016	0.98258
-0.9745	-0.1636	-0.1536	0.18082	-0.97782	-0.10572	-0.13289	-0.1308	0.98246
-0.9685	-0.19261	-0.15785	0.21071	-0.97165	-0.10722	-0.13272	-0.1371	0.98163
-0.96668	-0.21198	-0.14348	0.23065	-0.96443	-0.1291	-0.11101	-0.15789	0.9812
-0.95537	-0.26187	-0.13672	0.27901	-0.95193	-0.12639	-0.09705	-0.15889	0.98251
-0.95378	-0.27563	-0.11973	0.29096	-0.94666	-0.13847	-0.07517	-0.1669	0.9831
-0.95485	-0.28107	-0.09628	0.29319	-0.94383	-0.15237	-0.04805	-0.17372	0.98362
-0.95183	-0.29366	-0.08822	0.30424	-0.94029	-0.15262	-0.03814	-0.17211	0.98434
-0.943	-0.31739	-0.10008	0.3298	-0.9315	-0.15341	-0.04453	-0.17767	0.98308
-0.93677	-0.33443	-0.10305	0.3471	-0.92543	-0.15196	-0.04455	-0.17812	0.983
-0.93674	-0.33629	-0.09706	0.34789	-0.92506	-0.15242	-0.03853	-0.17655	0.98354
-0.93673	-0.33677	-0.09548	0.34781	-0.92624	-0.14531	-0.0395	-0.16933	0.98477
-0.9351	-0.34605	-0.07645	0.3536	-0.92547	-0.13591	-0.02372	-0.15412	0.98777
-0.92501	-0.37138	-0.08023	0.37902	-0.91669	-0.12661	-0.02652	-0.14752	0.9887
-0.90698	-0.41105	-0.09173	0.41984	-0.89968	-0.11961	-0.03336	-0.147	0.98857
-0.89697	-0.42796	-0.1109	0.43984	-0.88916	-0.12622	-0.04459	-0.162	0.98578
-0.87757	-0.45965	-0.13638	0.47578	-0.87001	-0.12927	-0.05923	-0.17833	0.98219
-0.85516	-0.49341	-0.1589	0.51431	-0.84588	-0.14131	-0.06469	-0.20257	0.97713
-0.83666	-0.5148	-0.18705	0.54219	-0.82686	-0.14943	-0.07774	-0.22644	0.97092
-0.80307	-0.56127	-0.20016	0.59099	-0.79317	-0.147	-0.07626	-0.23634	0.96867
-0.75603	-0.62061	-0.20797	0.65024	-0.74847	-0.13029	-0.0748	-0.23374	0.96942
-0.70952	-0.67006	-0.21818	0.70056	-0.70418	-0.11557	-0.0762	-0.23485	0.96904
-0.66547	-0.71013	-0.22992	0.74229	-0.662	-0.1038	-0.07849	-0.23974	0.96766
-0.63539	-0.7403	-0.21964	0.76961	-0.63037	-0.10169	-0.06317	-0.23365	0.97027
-0.60555	-0.77149	-0.19523	0.79474	-0.59895	-0.09822	-0.04116	-0.21464	0.97583
-0.57067	-0.79738	-0.19628	0.82043	-0.56385	-0.09471	-0.03516	-0.21508	0.97596
-0.54771	-0.81349	-0.19556	0.83622	-0.53989	-0.09617	-0.02734	-0.2162	0.97597
-0.51685	-0.83274	-0.19852	0.85564	-0.50995	-0.08854	-0.02751	-0.21562	0.97609
-0.4905	-0.84719	-0.20416	0.8711	-0.48321	-0.08767	-0.02438	-0.22085	0.975
-0.46272	-0.86217	-0.20627	0.88624	-0.45552	-0.08413	-0.02143	-0.22174	0.97487
-0.43812	-0.87721	-0.19635	0.89881	-0.43082	-0.08082	-0.01369	-0.21189	0.9772
-0.40584	-0.89443	-0.18786	0.91394	-0.39755	-0.0816	-0.0017	-0.20481	0.9788
-0.373	-0.91231	-0.16899	0.92758	-0.36244	-0.09075	0.02155	-0.1906	0.98143
-0.35412	-0.92152	-0.15937	0.93407	-0.34014	-0.10876	0.04601	-0.18738	0.98121
-0.32379	-0.93424	-0.14954	0.94412	-0.30874	-0.11541	0.06165	-0.17855	0.982
-0.27442	-0.94888	-0.15596	0.95911	-0.25839	-0.11553	0.06933	-0.18128	0.98098
-0.23915	-0.95783	-0.15931	0.96836	-0.22321	-0.1116	0.07134	-0.18096	0.9809
-0.20182	-0.96435	-0.17114	0.97667	-0.18506	-0.10897	0.07341	-0.18914	0.9792
-0.16325	-0.97097	-0.17483	0.98322	-0.14551	-0.11	0.08137	-0.18985	0.97844
-0.13648	-0.97553	-0.17236	0.98663	-0.11821	-0.11219	0.08907	-0.18537	0.97862
-0.10745	-0.98001	-0.16744	0.98974	-0.08949	-0.11135	0.09414	-0.17769	0.97957
-0.07953	-0.98501	-0.15306	0.99256	-0.06404	-0.10357	0.09222	-0.16016	0.98277
-0.04796	-0.98813	-0.14593	0.99517	-0.03474	-0.09184	0.08568	-0.14963	0.98502
-0.02716	-0.99028	-0.13645	0.99615	-0.01543	-0.08631	0.08337	-0.13827	0.98688
-0.01038	-0.99093	-0.13401	0.99618	0.00137	-0.08729	0.08668	-0.1344	0.98713
0.00532	-0.98857	-0.15066	0.99599	0.01869	-0.08748	0.0893	-0.14959	0.98471
0.02225	-0.98539	-0.16886	0.99553	0.03734	-0.08671	0.09175	-0.16618	0.98182
0.04902	-0.98316	-0.17608	0.99428	0.06478	-0.0849	0.09488	-0.17091	0.98071
0.06999	-0.98208	-0.175	0.992	0.08699	-0.09143	0.10502	-0.1672	0.98031
0.09315	-0.98135	-0.16815	0.98822	0.11173	-0.10461	0.12144	-0.15643	0.98019
0.10822	-0.97961	-0.16928	0.98368	0.13014	-0.12421	0.14371	-0.15307	0.97771
0.12714	-0.97414	-0.1868	0.97949	0.15298	-0.13113	0.15632	-0.16629	0.97361
0.14791	-0.96956	-0.19514	0.97532	0.1757	-0.13369	0.16391	-0.17055	0.97162
0.17142	-0.96543	-0.19638	0.97054	0.19974	-0.13476	0.16933	-0.1675	0.97122
0.19703	-0.95957	-0.20099	0.9662	0.22482	-0.12617	0.16626	-0.16934	0.97143
0.20551	-0.95471	-0.21516	0.96337	0.23605	-0.12726	0.17229	-0.18112	0.96825
0.20254	-0.95695	-0.20789	0.96243	0.23372	-0.1382	0.18084	-0.17209	0.96834
0.22563	-0.95585	-0.18827	0.95881	0.25211	-0.13088	0.17257	-0.15098	0.97336
0.23639	-0.95648	-0.17108	0.95727	0.25944	-0.12778	0.1666	-0.13356	0.97694
0.23977	-0.95535	-0.17269	0.95685	0.26263	-0.12439	0.16419	-0.13542	0.97709
0.25465	-0.94703	-0.19568	0.95246	0.28062	-0.11865	0.16727	-0.15616	0.97346
0.2566	-0.94043	-0.22304	0.95038	0.2875	-0.11886	0.17591	-0.18147	0.96754
0.26763	-0.93718	-0.22374	0.94611	0.29955	-0.12304	0.18234	-0.17876	0.96685
0.30319	-0.93113	-0.20267	0.93671	0.33028	-0.11612	0.17506	-0.15464	0.97234
0.34008	-0.92267	-0.1817	0.92484	0.36316	-0.11312	0.17036	-0.12957	0.97683
0.377	-0.91194	-0.16197	0.9112	0.39653	-0.1117	0.16609	-0.10548	0.98045
0.40448	-0.89869	-0.16959	0.89714	0.42591	-0.11725	0.1776	-0.10472	0.97851
0.42952	-0.88136	-0.19679	0.88148	0.45653	-0.12072	0.19623	-0.12161	0.97299
0.44803	-0.87455	-0.18557	0.87075	0.47391	-0.13115	0.20264	-0.10283	0.97384
0.47722	-0.86185	-0.17168	0.8569	0.4997	-0.12657	0.19487	-0.08672	0.97699
0.5072	-0.84507	-0.16912	0.84062	0.52837	-0.11912	0.19002	-0.08174	0.97837
0.53562	-0.82689	-0.17137	0.82342	0.55642	-0.11124	0.18734	-0.08153	0.97891
0.5579	-0.81403	-0.16156	0.81009	0.57645	-0.10708	0.1803	-0.07113	0.98104
0.57106	-0.80775	-0.14639	0.80216	0.58697	-0.10958	0.17444	-0.05485	0.98314
0.59595	-0.78989	-0.14461	0.78515	0.61095	-0.10144	0.16847	-0.05309	0.98428
0.59206	-0.79091	-0.15468	0.78623	0.60901	-0.10462	0.17695	-0.05967	0.98241
0.58661	-0.79107	-0.1735	0.78751	0.60716	-0.10571	0.18897	-0.07462	0.97914
0.596	-0.78138	-0.18502	0.77976	0.61821	-0.09899	0.19173	-0.08527	0.97774
0.60113	-0.77427	-0.19788	0.77362	0.62589	-0.09887	0.20041	-0.09365	0.97523
0.61701	-0.75964	-0.20553	0.76063	0.64266	-0.0918	0.20182	-0.09969	0.97434
0.64052	-0.7425	-0.19602	0.74154	0.66436	-0.09347	0.19962	-0.08549	0.97614
0.66255	-0.7228	-0.19645	0.71983	0.68695	-0.09977	0.20706	-0.07531	0.97543
0.68817	-0.68922	-0.22671	0.68775	0.7192	-0.09878	0.23113	-0.08794	0.96894
0.70218	-0.67157	-0.23651	0.6679	0.73637	-0.10802	0.2467	-0.08212	0.96561
0.7143	-0.65726	-0.24039	0.65064	0.75019	-0.1178	0.25777	-0.07227	0.9635
0.72706	-0.63656	-0.25723	0.63082	0.76726	-0.1157	0.27101	-0.07814	0.9594
0.73217	-0.62813	-0.26339	0.61908	0.77496	-0.12718	0.284	-0.06995	0.95627
0.74395	-0.61593	-0.25919	0.60443	0.78564	-0.13208	0.28498	-0.0584	0.95675
0.76922	-0.59435	-0.23462	0.58162	0.80331	-0.12811	0.26461	-0.03792	0.96361
0.79028	-0.56501	-0.23709	0.55291	0.82434	-0.12148	0.26408	-0.03509	0.96386
0.80643	-0.54167	-0.2372	0.53026	0.83995	-0.11532	0.2617	-0.03278	0.96459
0.81975	-0.52189	-0.23588	0.50878	0.8527	-0.11848	0.26297	-0.02289	0.96453
0.83106	-0.49634	-0.25097	0.48246	0.86784	-0.11868	0.2767	-0.02245	0.96069
0.84678	-0.46043	-0.26638	0.44663	0.88741	-0.11411	0.28893	-0.02234	0.95709
0.86349	-0.42645	-0.2693	0.41167	0.9044	-0.11219	0.2914	-0.01399	0.9565
0.87971	-0.39785	-0.26045	0.37664	0.91732	-0.12909	0.29027	0.01547	0.95682
0.89729	-0.37051	-0.23997	0.34148	0.92709	-0.15456	0.27974	0.05674	0.9584
0.91571	-0.33179	-0.2267	0.29937	0.9396	-0.16592	0.26806	0.08407	0.95973
0.93276	-0.28071	-0.22617	0.24494	0.95385	-0.17371	0.2645	0.10664	0.95847
0.94534	-0.216	-0.2443	0.17815	0.96958	-0.16788	0.27313	0.11518	0.95506
0.95197	-0.16489	-0.25801	0.12702	0.97936	-0.15721	0.2786	0.11689	0.95327
0.95666	-0.12574	-0.26264	0.0883	0.98476	-0.14985	0.27748	0.12017	0.95319
0.96689	-0.08882	-0.23924	0.05404	0.98748	-0.14821	0.24941	0.13037	0.95958
0.97736	-0.03979	-0.20782	0.01108	0.99044	-0.13752	0.2113	0.13211	0.96845
0.97982	-0.00255	-0.19986	-0.02426	0.99101	-0.1316	0.1984	0.13379	0.97095
0.98148	0.02075	-0.19043	-0.04565	0.99081	-0.12732	0.18604	0.13365	0.97341
0.9783	0.05608	-0.19947	-0.08066	0.98982	-0.11729	0.19086	0.13084	0.97286
0.97433	0.09517	-0.20403	-0.11934	0.98678	-0.10962	0.1909	0.13115	0.97281
0.96948	0.1329	-0.20602	-0.15743	0.98165	-0.10758	0.18794	0.13673	0.97262
0.96592	0.18294	-0.18309	-0.20526	0.97235	-0.11134	0.15766	0.14513	0.97677
0.95885	0.23926	-0.15283	-0.25872	0.95804	-0.12336	0.1169	0.15782	0.98052
0.94714	0.2833	-0.15058	-0.30322	0.94379	-0.13157	0.10485	0.17028	0.9798
0.93102	0.32324	-0.16947	-0.34682	0.92816	-0.13503	0.11365	0.1845	0.97624
0.91243	0.36191	-0.19101	-0.3903	0.90993	-0.14036	0.12301	0.20262	0.9715
0.89027	0.41178	-0.19458	-0.44056	0.88694	-0.13871	0.11546	0.20921	0.97103
0.8636	0.4659	-0.19269	-0.49327	0.85983	-0.1318	0.10428	0.20887	0.97237
0.84664	0.49043	-0.20659	-0.5207	0.84357	-0.13138	0.10984	0.21881	0.96957
0.83409	0.50892	-0.21281	-0.54114	0.82976	-0.13663	0.10705	0.22913	0.96749
0.82362	0.52961	-0.20289	-0.55988	0.81632	-0.14197	0.09043	0.23052	0.96886
0.81037	0.54805	-0.20722	-0.57961	0.80159	-0.14665	0.08573	0.23895	0.96724
0.78848	0.57455	-0.2195	-0.60897	0.77935	-0.14754	0.0863	0.25001	0.96439
0.76366	0.60949	-0.21293	-0.64181	0.75242	-0.1481	0.06995	0.24976	0.96578
0.7372	0.63989	-0.21698	-0.673	0.72391	-0.1517	0.06	0.25786	0.96432
0.71129	0.67053	-0.21086	-0.70167	0.69507	-0.15664	0.04153	0.25936	0.96489
0.67449	0.71397	-0.18792	-0.7382	0.65606	-0.15698	0.01121	0.24461	0.96956
0.62671	0.76084	-0.16839	-0.7791	0.60748	-0.15484	-0.01552	0.22824	0.97348
0.58189	0.79805	-0.15662	-0.81246	0.56183	-0.15574	-0.03629	0.21787	0.9753
0.54572	0.82207	-0.16247	-0.83671	0.52392	-0.15947	-0.04598	0.22296	0.97374
0.50312	0.85182	-0.14585	-0.86168	0.48151	-0.16021	-0.06624	0.20628	0.97625
0.44654	0.88172	-0.15224	-0.89268	0.42741	-0.14296	-0.06098	0.19974	0.97795
0.39067	0.9055	-0.16569	-0.91908	0.37361	-0.12529	-0.05155	0.20123	0.97819
0.36737	0.91255	-0.17972	-0.92889	0.35022	-0.12047	-0.04699	0.2112	0.97631
0.35425	0.91953	-0.1702	-0.93326	0.33604	-0.1269	-0.0595	0.20379	0.9772
0.31831	0.93348	-0.16519	-0.94587	0.30111	-0.12111	-0.06331	0.1948	0.9788
0.27699	0.94696	-0.16296	-0.95825	0.2597	-0.11963	-0.07096	0.18929	0.97935
0.24743	0.95424	-0.16792	-0.96647	0.23078	-0.11263	-0.06872	0.19016	0.97935
0.2129	0.95923	-0.1859	-0.97493	0.19596	-0.1054	-0.06467	0.20368	0.9769
0.18495	0.96572	-0.18215	-0.98004	0.16751	-0.10702	-0.07284	0.19831	0.97743
0.13841	0.9734	-0.18257	-0.98697	0.1203	-0.10686	-0.08205	0.19498	0.97737
0.08699	0.97868	-0.18603	-0.99166	0.06725	-0.10991	-0.09506	0.19404	0.97638
0.02905	0.98389	-0.17637	-0.99393	0.0097	-0.10958	-0.10611	0.17849	0.9782
-0.03331	0.98901	-0.14404	-0.99319	-0.04886	-0.10581	-0.11168	0.13953	0.9839
-0.07952	0.98906	-0.12428	-0.9902	-0.09273	-0.10438	-0.11477	0.11476	0.98674
-0.11409	0.98449	-0.13325	-0.98597	-0.12866	-0.10635	-0.12184	0.11925	0.98536
-0.13167	0.97991	-0.14982	-0.98244	-0.14916	-0.11212	-0.13221	0.13243	0.98234
-0.16641	0.974	-0.15373	-0.97616	-0.18476	-0.11391	-0.13935	0.13111	0.98152
-0.2028	0.96639	-0.15801	-0.96936	-0.22097	-0.1073	-0.13861	0.13141	0.98159
-0.23906	0.9558	-0.1712	-0.96042	-0.25871	-0.10327	-0.143	0.13973	0.97981
-0.27597	0.94701	-0.16433	-0.94961	-0.29507	-0.1057	-0.14859	0.12688	0.98073
-0.31344	0.93782	-0.14915	-0.93764	-0.33051	-0.10767	-0.15027	0.1061	0.98294
-0.3719	0.91582	-0.15155	-0.91672	-0.38802	-0.09524	-0.14603	0.10351	0.98385
-0.41691	0.89469	-0.1604	-0.89702	-0.43347	-0.08632	-0.14676	0.1079	0.98327
-0.43777	0.88201	-0.17439	-0.88315	-0.4582	-0.10049	-0.16854	0.11003	0.97954
-0.46359	0.86377	-0.19744	-0.86538	-0.48924	-0.10843	-0.19026	0.12059	0.9743
-0.48999	0.84759	-0.20371	-0.84757	-0.51785	-0.11597	-0.20379	0.11583	0.97214
-0.51715	0.83158	-0.20255	-0.8303	-0.54488	-0.11712	-0.20776	0.10761	0.97224
-0.55135	0.80967	-0.20113	-0.80693	-0.57877	-0.11789	-0.21186	0.0973	0.97244
-0.59328	0.78458	-0.18013	-0.77986	-0.61566	-0.11306	-0.19961	0.0734	0.97712
-0.6365	0.7558	-0.15372	-0.74805	-0.65349	-0.11565	-0.18787	0.04138	0.98132
-0.66755	0.73088	-0.1421	-0.72056	-0.68222	-0.12395	-0.18753	0.01965	0.98206
-0.69039	0.70747	-0.15117	-0.69485	-0.70663	-0.13363	-0.20136	0.01279	0.97943
-0.71516	0.67834	-0.16853	-0.66692	-0.73441	-0.12597	-0.20922	0.0223	0.97761
-0.73991	0.64984	-0.17387	-0.63945	-0.7597	-0.11814	-0.20887	0.02377	0.97766
-0.76197	0.62463	-0.17101	-0.61387	-0.78075	-0.11655	-0.20632	0.01617	0.97835
-0.78234	0.596	-0.18088	-0.58402	-0.80289	-0.11953	-0.21646	0.01213	0.97622
-0.80327	0.5662	-0.18487	-0.55217	-0.82426	-0.12531	-0.22333	0.00142	0.97474
-0.82955	0.53099	-0.17292	-0.51651	-0.84727	-0.1239	-0.2123	-0.01347	0.97711
-0.85238	0.49846	-0.15809	-0.48398	-0.86646	-0.12251	-0.19804	-0.02792	0.9798
-0.87465	0.46204	-0.14666	-0.44736	-0.88587	-0.12286	-0.18668	-0.04185	0.98153
-0.88954	0.43173	-0.14943	-0.41595	-0.90062	-0.12595	-0.18896	-0.04988	0.98072
-0.90048	0.40583	-0.15633	-0.38809	-0.91208	-0.13227	-0.19626	-0.05844	0.97881
-0.91669	0.36589	-0.16064	-0.34793	-0.92854	-0.12946	-0.19653	-0.06278	0.97849
-0.93201	0.31726	-0.17524	-0.29927	-0.94638	-0.1217	-0.20445	-0.06099	0.97698
-0.94161	0.27044	-0.20058	-0.25078	-0.9608	-0.11819	-0.22468	-0.06098	0.97252
-0.94563	0.22307	-0.23669	-0.20124	-0.973	-0.113	-0.2555	-0.05923	0.96499
-0.9488	0.17495	-0.26302	-0.1525	-0.98285	-0.10365	-0.27665	-0.05823	0.95921
-0.9575	0.11375	-0.26506	-0.0918	-0.99135	-0.09382	-0.27344	-0.06551	0.95966
-0.96571	0.06619	-0.25106	-0.04224	-0.99413	-0.09961	-0.25618	-0.08558	0.96283
-0.97038	0.02109	-0.24067	0.00498	-0.99422	-0.10723	-0.24154	-0.10525	0.96467
-0.97628	-0.02321	-0.21525	0.04963	-0.99175	-0.11817	-0.21073	-0.12605	0.96938
-0.97718	-0.05857	-0.20416	0.08565	-0.98828	-0.12639	-0.19436	-0.141	0.97074
-0.97235	-0.09789	-0.21201	0.12556	-0.98465	-0.12125	-0.19688	-0.14451	0.96972
-0.96283	-0.14898	-0.2253	0.17596	-0.97881	-0.10476	-0.20492	-0.14051	0.96864
-0.95497	-0.18996	-0.2279	0.21591	-0.97181	-0.09471	-0.20349	-0.13965	0.96907
-0.94895	-0.23012	-0.21574	0.25503	-0.96221	-0.09543	-0.18563	-0.14558	0.97178
-0.94638	-0.25781	-0.19467	0.28121	-0.95403	-0.10367	-0.15899	-0.15285	0.97538
-0.94153	-0.28751	-0.17569	0.30862	-0.94512	-0.10727	-0.13521	-0.15521	0.97858
-0.92415	-0.33666	-0.18058	0.35787	-0.92832	-0.10074	-0.13372	-0.15773	0.97839
-0.90699	-0.37228	-0.19692	0.39635	-0.91261	-0.10025	-0.14239	-0.16898	0.97528
-0.89297	-0.39055	-0.22378	0.42028	-0.90142	-0.1039	-0.16114	-0.18683	0.96909
-0.87712	-0.41242	-0.24609	0.44768	-0.88765	-0.10801	-0.1739	-0.2049	0.96321
-0.86685	-0.43198	-0.24892	0.46866	-0.87635	-0.11126	-0.17007	-0.21311	0.96211
-0.84676	-0.47546	-0.23861	0.50835	-0.85539	-0.0995	-0.1568	-0.20555	0.966
-0.82755	-0.51557	-0.22216	0.54509	-0.8326	-0.09827	-0.13431	-0.20242	0.97005
-0.81967	-0.53801	-0.19671	0.56495	-0.81603	-0.1222	-0.09477	-0.2113	0.97282
-0.79509	-0.57483	-0.19339	0.60183	-0.78725	-0.13432	-0.07504	-0.22319	0.97188
-0.75156	-0.62425	-0.21323	0.65516	-0.74405	-0.13096	-0.0769	-0.23813	0.96818
-0.71311	-0.65862	-0.2402	0.69586	-0.70661	-0.12837	-0.08518	-0.25869	0.9622
-0.67287	-0.69722	-0.24724	0.73586	-0.6651	-0.12709	-0.07583	-0.26745	0.96058
-0.63576	-0.73317	-0.24139	0.76974	-0.62551	-0.12744	-0.05756	-0.26683	0.96202
-0.5982	-0.76373	-0.24265	0.80013	-0.58592	-0.1284	-0.0441	-0.27096	0.96158
-0.55737	-0.79354	-0.24418	0.82953	-0.54463	-0.12352	-0.03497	-0.2714	0.96183
-0.51603	-0.8225	-0.23919	0.85638	-0.50131	-0.12368	-0.01818	-0.26866	0.96306
-0.46968	-0.84737	-0.24774	0.88281	-0.45307	-0.12398	-0.00718	-0.27694	0.96086
-0.42976	-0.86296	-0.26572	0.90292	-0.41286	-0.11952	-0.00656	-0.29129	0.95661
-0.38979	-0.87858	-0.27598	0.9209	-0.3714	-0.11831	0.00145	-0.30026	0.95386
-0.35918	-0.89013	-0.28045	0.93315	-0.33783	-0.12286	0.01462	-0.30583	0.95197
-0.32857	-0.89588	-0.29905	0.94414	-0.30307	-0.12941	0.0253	-0.32487	0.94542
-0.29828	-0.90315	-0.30879	0.95347	-0.26706	-0.13994	0.04393	-0.33616	0.94078
-0.25234	-0.91898	-0.30299	0.96566	-0.21914	-0.13957	0.06186	-0.3278	0.94272
-0.20502	-0.93293	-0.29599	0.97591	-0.17181	-0.13446	0.07459	-0.31643	0.94568
-0.14634	-0.94794	-0.28283	0.98471	-0.11228	-0.13317	0.09448	-0.298	0.94988
-0.0864	-0.95144	-0.29545	0.99064	-0.05061	-0.12674	0.10563	-0.30363	0.94692
-0.03595	-0.95352	-0.29917	0.99159	0.00322	-0.12939	0.12434	-0.3013	0.94539
0.00565	-0.95951	-0.28163	0.98859	0.04776	-0.14289	0.15055	-0.27761	0.94882
0.05632	-0.95916	-0.2772	0.98406	0.10024	-0.14691	0.16869	-0.26451	0.94952
0.11222	-0.95822	-0.2631	0.97704	0.15466	-0.14655	0.18112	-0.24061	0.95357
0.17125	-0.95168	-0.25492	0.96822	0.21043	-0.13513	0.18224	-0.22368	0.95747
0.22647	-0.94014	-0.25465	0.95655	0.26396	-0.12381	0.18362	-0.21555	0.95907
0.27412	-0.92915	-0.24806	0.94384	0.3094	-0.11593	0.18447	-0.20234	0.96178
0.33175	-0.91553	-0.22749	0.92665	0.36145	-0.1033	0.1768	-0.17653	0.96829
0.39297	-0.89421	-0.21438	0.90333	0.41899	-0.09182	0.17193	-0.15758	0.97242
0.42204	-0.87963	-0.21938	0.88711	0.45058	-0.10008	0.18689	-0.15237	0.97049
0.45557	-0.85734	-0.23963	0.86576	0.48935	-0.10487	0.20717	-0.15968	0.96518
0.47564	-0.84372	-0.2488	0.84967	0.51387	-0.11829	0.22765	-0.15514	0.9613
0.49498	-0.83095	-0.254	0.83291	0.53702	-0.13369	0.24749	-0.14539	0.95792
0.54021	-0.80076	-0.25875	0.80185	0.58311	-0.13047	0.25536	-0.137	0.95709
0.58092	-0.77265	-0.25602	0.77028	0.6235	-0.13386	0.26305	-0.11944	0.95736
0.60739	-0.75806	-0.23752	0.744	0.64764	-0.16443	0.27847	-0.07684	0.95737
0.64106	-0.73103	-0.23374	0.70926	0.68065	-0.1835	0.29324	-0.04815	0.95483
0.68129	-0.69086	-0.24198	0.6638	0.72242	-0.19361	0.30857	-0.02873	0.95077
0.7323	-0.63381	-0.24903	0.60532	0.77338	-0.18833	0.31196	-0.01283	0.95001
0.78535	-0.56557	-0.25171	0.53845	0.8247	-0.17303	0.30545	0.00035	0.95221
0.8237	-0.51017	-0.24748	0.48241	0.85988	-0.167	0.298	0.01817	0.95439
0.85402	-0.46218	-0.23882	0.4312	0.8857	-0.17206	0.29105	0.04396	0.9557
0.87632	-0.4204	-0.23521	0.38564	0.90483	-0.18044	0.28868	0.06741	0.95505
0.89312	-0.37731	-0.24492	0.33908	0.92247	-0.18462	0.29559	0.08184	0.9518
0.91082	-0.31664	-0.26484	0.27883	0.94501	-0.17092	0.3044	0.08183	0.94902
0.91406	-0.27191	-0.30093	0.22935	0.95848	-0.16943	0.33451	0.08585	0.93847
0.91831	-0.23643	-0.31749	0.18797	0.9663	-0.1759	0.34838	0.10185	0.9318
0.93072	-0.1935	-0.31034	0.13972	0.97233	-0.18723	0.33799	0.1309	0.932
0.95064	-0.13529	-0.27926	0.08725	0.98018	-0.17784	0.29779	0.14469	0.9436
0.96746	-0.06516	-0.24447	0.02636	0.98697	-0.15875	0.25163	0.14714	0.95657
0.97816	0.02143	-0.20672	-0.05253	0.98787	-0.14614	0.20108	0.1538	0.96742
0.98294	0.09779	-0.15577	-0.12127	0.98134	-0.1492	0.13828	0.16555	0.97646
0.97776	0.17131	-0.12102	-0.18885	0.97008	-0.15261	0.09126	0.17207	0.98085
0.96178	0.2473	-0.11753	-0.2638	0.95193	-0.15571	0.07337	0.18076	0.98079
0.9523	0.28943	-0.09677	-0.30209	0.93899	-0.16444	0.04327	0.18582	0.98163
0.93439	0.34715	-0.07996	-0.35581	0.92046	-0.1617	0.01747	0.17954	0.9836
0.91137	0.40704	-0.06107	-0.41154	0.89858	-0.1523	-0.00712	0.16393	0.98645
0.88832	0.45651	-0.04995	-0.45854	0.87576	-0.15092	-0.02515	0.15697	0.98728
0.86116	0.50442	-0.06303	-0.50794	0.84888	-0.14631	-0.02029	0.15801	0.98723
0.82842	0.55631	-0.06507	-0.55955	0.8168	-0.1405	-0.02501	0.15281	0.98794
0.78733	0.6125	-0.07036	-0.61571	0.77527	-0.14093	-0.03177	0.15428	0.98752
0.7447	0.66211	-0.08385	-0.66664	0.732	-0.14061	-0.03172	0.16061	0.98651
0.70507	0.70616	-0.06491	-0.70682	0.69243	-0.14469	-0.05723	0.1479	0.98735
0.65882	0.74787	-0.08151	-0.74967	0.6436	-0.15417	-0.06284	0.16267	0.98468
0.63249	0.76643	-0.112	-0.77165	0.61095	-0.17691	-0.06716	0.19832	0.97783
0.59813	0.79182	-0.12353	-0.79744	0.57276	-0.18983	-0.07956	0.21205	0.97402
0.53471	0.83603	-0.12304	-0.83968	0.5093	-0.18853	-0.09495	0.20413	0.97433
0.47836	0.86783	-0.13433	-0.87128	0.44991	-0.19608	-0.10973	0.21084	0.97134
0.40608	0.90102	-0.15249	-0.90527	0.37384	-0.20181	-0.12483	0.22	0.96748
0.33377	0.92652	-0.17365	-0.93102	0.29516	-0.21467	-0.14764	0.23332	0.96113
0.2617	0.94771	-0.18266	-0.95113	0.22109	-0.21559	-0.16393	0.23016	0.95925
0.17545	0.96611	-0.18936	-0.96869	0.13509	-0.20828	-0.17564	0.21998	0.95956
0.09583	0.98066	-0.17067	-0.97646	0.05933	-0.20738	-0.19324	0.18652	0.96326
0.02404	0.98743	-0.15623	-0.97773	-0.00937	-0.20965	-0.20848	0.15779	0.96521
-0.05387	0.98827	-0.14293	-0.97475	-0.0831	-0.20725	-0.2167	0.12815	0.96779
-0.11325	0.98412	-0.13667	-0.96726	-0.14065	-0.21126	-0.22713	0.10827	0.96783
-0.17243	0.97227	-0.15797	-0.95532	-0.20415	-0.21373	-0.24005	0.11406	0.96404
-0.23863	0.95921	-0.15159	-0.94059	-0.26712	-0.20959	-0.24154	0.09256	0.96597
-0.29728	0.94436	-0.14077	-0.92012	-0.32272	-0.22186	-0.25495	0.06357	0.96486
-0.36582	0.9221	-0.12612	-0.8964	-0.38553	-0.2187	-0.25028	0.03305	0.96761
-0.4441	0.88829	-0.11707	-0.86638	-0.45906	-0.19661	-0.22839	0.01411	0.97347
-0.52188	0.8461	-0.1084	-0.8289	-0.53302	-0.16973	-0.20139	0.00128	0.97951
-0.57169	0.81579	-0.08745	-0.7988	-0.57776	-0.16765	-0.1873	-0.02599	0.98196
-0.59906	0.79655	-0.08141	-0.77637	-0.60272	-0.18432	-0.19589	-0.04722	0.97949
-0.64054	0.76433	-0.07416	-0.74244	-0.64107	-0.19445	-0.19616	-0.0695	0.97811
-0.68411	0.72468	-0.08265	-0.7026	-0.68517	-0.19206	-0.19581	-0.07332	0.9779
-0.72496	0.68104	-0.103	-0.65888	-0.72927	-0.18449	-0.20076	-0.06589	0.97742
-0.77051	0.63071	-0.09235	-0.61026	-0.77173	-0.17893	-0.18412	-0.08151	0.97952
-0.81824	0.56949	-0.07847	-0.54973	-0.81506	-0.18295	-0.16815	-0.10656	0.97999
-0.85716	0.50951	-0.07539	-0.49095	-0.8525	-0.17948	-0.15572	-0.11683	0.98087
-0.89322	0.44284	-0.07781	-0.42655	-0.88931	-0.16487	-0.14221	-0.11408	0.98324
-0.92038	0.38223	-0.08253	-0.36728	-0.91744	-0.15302	-0.1342	-0.11052	0.98477
-0.93661	0.33627	-0.09837	-0.31979	-0.93521	-0.15204	-0.14313	-0.11095	0.98347
-0.95482	0.27519	-0.11218	-0.25851	-0.95533	-0.14322	-0.14658	-0.10775	0.98331
-0.97149	0.21417	-0.10168	-0.19961	-0.97031	-0.13659	-0.12792	-0.1124	0.9854
-0.98202	0.16904	-0.08403	-0.15562	-0.97688	-0.14659	-0.10687	-0.13088	0.98562
-0.99006	0.11624	-0.07919	-0.10258	-0.98194	-0.15895	-0.09624	-0.14925	0.98411
-0.99446	0.05101	-0.09192	-0.03604	-0.98682	-0.15776	-0.09876	-0.15357	0.98319
-0.9943	-0.01303	-0.10586	0.02879	-0.98845	-0.14878	-0.1027	-0.15098	0.98319
-0.99051	-0.06398	-0.12166	0.08251	-0.98463	-0.15395	-0.10994	-0.16253	0.98056
-0.98256	-0.11588	-0.14544	0.14002	-0.9757	-0.16852	-0.12238	-0.18595	0.97491
-0.97049	-0.17778	-0.16291	0.20553	-0.96319	-0.17329	-0.1261	-0.20166	0.97131
-0.95285	-0.24976	-0.1723	0.27906	-0.94429	-0.17446	-0.11913	-0.21432	0.96947
-0.92954	-0.32311	-0.17762	0.35217	-0.9207	-0.16817	-0.1092	-0.21887	0.96962
-0.901	-0.39366	-0.18231	0.42279	-0.89097	-0.16561	-0.09724	-0.22629	0.9692
-0.86961	-0.45916	-0.18152	0.48738	-0.8571	-0.16684	-0.07898	-0.23356	0.96913
-0.83778	-0.51844	-0.17131	0.54411	-0.81888	-0.18273	-0.04554	-0.2463	0.96812
-0.79227	-0.59338	-0.14218	0.61009	-0.77421	-0.16849	-0.01009	-0.22023	0.9754
-0.74251	-0.65812	-0.12474	0.66976	-0.72673	-0.15261	0.00979	-0.19686	0.98038
-0.69959	-0.70635	-0.10789	0.71344	-0.6821	-0.16048	0.03977	-0.18924	0.98112
-0.63794	-0.76452	-0.09245	0.76652	-0.61885	-0.1717	0.07405	-0.1804	0.9808
-0.56229	-0.82188	-0.09137	0.82088	-0.54139	-0.18181	0.09996	-0.17723	0.97908
-0.47061	-0.87768	-0.09059	0.87341	-0.44882	-0.18898	0.12521	-0.16806	0.97779
-0.36857	-0.92542	-0.08807	0.91686	-0.34624	-0.19872	0.1534	-0.15399	0.97609
-0.25143	-0.96487	-0.07619	0.95079	-0.2315	-0.20592	0.18105	-0.12421	0.9756
-0.14076	-0.98525	-0.09729	0.9709	-0.11814	-0.2083	0.19373	-0.12378	0.97322
-0.02786	-0.99363	-0.10922	0.97804	-0.00452	-0.20835	0.20653	-0.11263	0.97194
0.08054	-0.99138	-0.10332	0.97477	0.09999	-0.19958	0.2082	-0.08464	0.97442
0.18479	-0.97735	-0.10316	0.96049	0.20183	-0.19165	0.20813	-0.06367	0.97603
0.28498	-0.95222	-0.10983	0.93416	0.30158	-0.19079	0.2148	-0.04823	0.97547
0.3812	-0.91847	-0.10535	0.89729	0.39502	-0.19706	0.22261	-0.01941	0.97471
0.47858	-0.87416	-0.0825	0.85237	0.48509	-0.19533	0.21077	0.02316	0.97726
0.57194	-0.81782	-0.06371	0.79925	0.57306	-0.1811	0.18462	0.05266	0.9814
0.63606	-0.76813	-0.07351	0.7489	0.63747	-0.18106	0.18593	0.06011	0.98072
0.68913	-0.72029	-0.0793	0.69984	0.68993	-0.18498	0.18795	0.07198	0.97954
0.74622	-0.6613	-0.07638	0.64017	0.74434	-0.19013	0.18259	0.09298	0.97878
0.79775	-0.60039	-0.05585	0.58081	0.79	-0.19635	0.16201	0.1242	0.97894
0.85041	-0.52414	-0.04562	0.5074	0.83998	-0.19232	0.13913	0.1404	0.98027
0.8961	-0.44135	-0.04708	0.42637	0.88542	-0.18507	0.12336	0.14577	0.9816
0.93268	-0.35648	-0.05512	0.34247	0.92309	-0.17501	0.11327	0.14435	0.98302
0.95772	-0.27757	-0.07567	0.26182	0.9499	-0.1707	0.11926	0.14367	0.98241
0.9755	-0.20145	-0.08839	0.18417	0.96761	-0.17266	0.12031	0.15215	0.98101
0.98947	-0.11991	-0.08105	0.10499	0.98012	-0.16833	0.09962	0.15805	0.98239
0.99692	-0.03889	-0.0681	0.0281	0.98785	-0.15283	0.07322	0.15045	0.9859
0.99832	0.01952	-0.05462	-0.02723	0.98919	-0.14412	0.05121	0.14536	0.98805
0.9965	0.05723	-0.06094	-0.06551	0.98742	-0.1439	0.05194	0.14739	0.98771
0.99238	0.09371	-0.07997	-0.10374	0.98578	-0.13222	0.06644	0.13951	0.98799
0.98476	0.12713	-0.11869	-0.14171	0.98214	-0.12378	0.10084	0.13871	0.98519
0.97962	0.15134	-0.13205	-0.1691	0.97622	-0.13564	0.10839	0.1552	0.98192
0.97805	0.16039	-0.13299	-0.18014	0.97167	-0.153	0.10468	0.1736	0.97924
0.9767	0.15709	-0.14624	-0.18169	0.96787	-0.17381	0.11424	0.19633	0.97386
0.97233	0.16733	-0.163	-0.19486	0.96583	-0.17089	0.12884	0.19792	0.97171
0.971	0.17058	-0.16754	-0.19819	0.96619	-0.1649	0.13375	0.19333	0.97198
0.98347	0.14497	-0.10851	-0.16305	0.96961	-0.18243	0.07877	0.1971	0.97721
0.99104	0.11724	-0.06405	-0.12808	0.97018	-0.20578	0.03801	0.21213	0.9765
0.99452	0.09252	-0.04878	-0.10043	0.97501	-0.19818	0.02922	0.20199	0.97895
0.99125	0.07967	-0.10529	-0.09677	0.98088	-0.16883	0.08982	0.17754	0.98001
0.98786	0.05178	-0.14647	-0.07452	0.98521	-0.15429	0.13631	0.16333	0.97711
0.99098	0.03335	-0.12978	-0.05094	0.98959	-0.13462	0.12394	0.14002	0.98236
0.99559	0.031	-0.08857	-0.04141	0.99212	-0.11821	0.0842	0.12136	0.98903
0.99628	0.00794	-0.08584	-0.01845	0.99233	-0.12226	0.08421	0.12339	0.98878
0.99606	-0.03002	-0.08339	0.01815	0.99003	-0.13967	0.08675	0.13761	0.98668
0.99264	-0.00113	-0.12112	-0.01524	0.99084	-0.13414	0.12017	0.135	0.98353
0.98734	0.07183	-0.1414	-0.08565	0.99186	-0.09419	0.13348	0.10511	0.98546
0.98215	0.13546	-0.1305	-0.14379	0.98798	-0.05669	0.12125	0.07444	0.98983
0.98075	0.15707	-0.116	-0.16314	0.98559	-0.04476	0.1073	0.06282	0.99224
0.98764	0.11583	-0.10558	-0.12257	0.99066	-0.05973	0.09768	0.07194	0.99261
0.9888	0.08924	-0.11959	-0.10179	0.98943	-0.10328	0.10911	0.1143	0.98744
0.98844	0.07503	-0.13174	-0.09196	0.98756	-0.12752	0.12054	0.13817	0.98305
0.98688	0.09274	-0.13218	-0.10786	0.98781	-0.11225	0.12016	0.12503	0.98485
0.98828	0.09832	-0.11678	-0.10911	0.98995	-0.08992	0.10677	0.10161	0.98908
0.98982	0.09433	-0.1066	-0.10325	0.99132	-0.08142	0.098	0.0916	0.99096
0.9881	0.07335	-0.13522	-0.08157	0.99508	-0.05627	0.13043	0.06663	0.98922
0.98322	0.09145	-0.15787	-0.09357	0.99559	-0.00606	0.15662	0.02073	0.98744
0.97761	0.093	-0.18878	-0.0929	0.99563	0.00939	0.18883	0.00836	0.98197
0.97276	0.09208	-0.21275	-0.088	0.99571	0.0286	0.21447	-0.0091	0.97669
0.97248	0.10023	-0.21034	-0.08967	0.99421	0.05918	0.21506	-0.03869	0.97583
0.97698	0.10541	-0.18546	-0.09349	0.99302	0.07189	0.19174	-0.0529	0.98002
0.97922	0.11309	-0.16834	-0.10403	0.99266	0.06172	0.17408	-0.04293	0.9838
0.98107	0.1083	-0.16054	-0.10105	0.99348	0.05269	0.1652	-0.03547	0.98562
0.9838	0.09993	-0.14886	-0.09655	0.99488	0.02981	0.15108	-0.01496	0.98841
0.98641	0.08364	-0.14141	-0.08495	0.99638	-0.0032	0.14063	0.01517	0.98995
0.98985	0.0825	-0.11574	-0.08432	0.99638	-0.01091	0.11442	0.02056	0.99322
0.98987	0.09074	-0.10918	-0.09274	0.9956	-0.01342	0.10748	0.02341	0.99393
0.99228	0.08929	-0.08606	-0.09067	0.99581	-0.01218	0.08461	0.01989	0.99622
0.99465	0.08623	-0.05691	-0.08681	0.99619	-0.00778	0.05602	0.01268	0.99835
0.99613	0.07968	-0.03717	-0.07987	0.9968	-0.00352	0.03677	0.00648	0.9993
0.99693	0.07779	-0.00938	-0.07782	0.99696	-0.00294	0.00912	0.00366	0.99995
0.99688	0.07722	-0.01657	-0.0773	0.997	-0.00422	0.0162	0.00549	0.99985
0.99687	0.07786	-0.01355	-0.07792	0.99695	-0.00427	0.01318	0.00531	0.9999
0.99666	0.08055	-0.01347	-0.08062	0.99674	-0.00416	0.0131	0.00523	0.9999
0.99672	0.08008	-0.01172	-0.08014	0.99677	-0.00429	0.01133	0.00521	0.99992
0.99678	0.07961	-0.00931	-0.07965	0.99682	-0.00351	0.009	0.00424	0.99995
0.99651	0.0827	-0.01133	-0.08274	0.99657	-0.00301	0.01104	0.00394	0.99993
