37.29541	13.46543	307.05329	-0.0864	-0.00708	0.02093	0.42413
37.02254	13.62309	307.06752	-0.06113	0.00084	0.01391	0.28396
36.99611	13.61552	307.07177	-0.06029	-0.00212	0.01456	0.28119
36.81642	13.59752	306.9648	-0.04792	-0.00142	-0.01742	0.19901
36.85606	13.55889	306.9958	-0.05264	0.00869	0.0129	0.23603
36.81812	13.54735	307.01363	-0.05554	0.01672	0.00697	0.23792
36.85063	13.51126	306.98989	-0.06556	0.02409	0.00775	0.22509
36.8499	13.52815	307.01163	-0.06419	0.02222	0.00873	0.21307
36.84916	13.53101	306.99065	-0.05776	0.02814	0.00903	0.20412
36.79996	13.5389	306.9855	-0.05683	0.02054	0.00763	0.21029
36.80299	13.52697	306.98037	-0.05514	0.01886	0.00434	0.20373
36.80079	13.54942	306.98177	-0.05879	0.02379	0.00782	0.20219
36.78245	13.51824	306.97494	-0.0608	0.01998	0.00649	0.2145
36.75374	13.56829	306.94492	-0.05147	0.02189	0.00597	0.20375
36.79595	13.56333	306.98331	-0.05397	0.02868	0.0025	0.20717
37.02649	13.60168	307.01709	-0.05758	0.06476	0.00784	0.20436
37.68151	13.95487	307.31724	-0.09283	0.15237	-0.0121	0.21088
40.04518	14.11238	308.16389	-0.22219	0.5722	0.15494	0.26311
42.75067	13.99316	309.43194	-0.30258	0.86495	0.54102	0.25274
48.14953	14.68819	312.33804	-0.21321	2.02181	1.47539	0.22318
56.34187	15.77257	320.63418	-0.39714	3.44436	1.94892	0.31901
59.37305	15.30992	333.31319	-0.46146	2.63356	1.60905	0.27556
59.26009	13.75781	349.63266	-1.00497	1.63919	1.63267	0.28626
59.95315	12.13982	367.7625	-1.16844	1.79101	1.49633	0.23412
62.82279	10.1156	386.53542	-1.63755	1.92315	1.48609	0.25888
72.19437	8.46491	406.44158	-2.05458	3.07503	1.87488	0.22932
80.96324	5.5829	428.5435	-1.60749	3.88452	2.09277	0.30821
85.6339	0.20913	450.73004	-1.02461	3.81169	1.8732	0.31453
87.52201	-6.48717	473.30244	-0.5912	3.41228	1.66779	0.44264
89.62598	-11.40675	492.79552	-0.70542	3.11976	1.44645	0.41413
94.87903	-13.81409	512.41481	-0.43021	3.80009	1.66331	0.3276
99.47646	-12.72713	537.43873	-0.47767	4.492	1.57476	0.305
101.45724	-10.67764	566.61302	-0.59602	4.03298	1.83636	0.33225
109.90122	-7.78462	601.37574	-0.98292	5.35195	1.84105	0.27289
119.98924	-1.16551	639.70588	-2.24908	6.84774	1.65061	0.27089
124.4293	5.71874	676.29576	-2.6104	6.91271	1.62937	0.23209
125.96786	12.43793	708.45287	-2.40056	6.71233	1.68309	0.27621
128.12021	17.10817	736.82132	-1.7616	7.17588	1.74641	0.27524
131.17313	16.08255	763.89759	-0.2044	8.2903	1.94921	0.17603
131.53816	13.99209	788.66654	0.36805	8.26256	2.46143	0.22282
128.22278	13.09028	808.91881	-0.0374	7.2922	1.95338	0.26626
123.32797	11.68538	825.13306	-0.1067	7.2962	1.49426	0.2842
120.9459	11.99265	841.46585	-0.29603	8.82511	1.69702	0.30026
115.53815	13.41788	861.62585	-0.12783	9.42582	1.69594	0.28692
107.52265	13.9409	885.95206	0.3862	7.85843	2.26699	0.10774
101.87104	14.49137	911.45677	0.95754	6.4846	2.38963	0.36895
97.15451	16.33609	940.31676	1.18405	5.37874	2.15195	0.19146
92.56557	17.80914	966.88427	0.5158	5.02799	2.99276	0.47977
86.16928	12.62591	985.38165	-0.73066	4.17189	3.02802	0.33918
86.18839	5.54802	1001.88645	-2.04198	3.27584	2.61661	0.42753
88.66584	0.83988	1020.08349	-2.18019	1.75407	2.15522	0.33248
87.09999	-4.01192	1034.04306	-2.2092	0.12221	1.79909	0.55876
82.66675	-6.43914	1037.40797	-2.07279	-0.5581	2.34975	0.83096
80.84344	-10.62469	1035.29736	-1.49624	0.29093	3.90771	0.54529
83.01474	-16.14577	1030.08198	-1.04272	1.83683	4.44355	0.55495
87.73386	-18.75177	1027.32629	-0.70562	4.36036	3.67902	0.41555
88.1007	-20.01733	1025.73	-1.08966	5.29248	2.95883	0.38885
85.17253	-19.30537	1028.87319	-1.39528	4.46371	3.03543	0.42595
86.12366	-16.51494	1043.15402	-2.24691	4.64333	3.4032	0.43737
91.99234	-15.38389	1067.35514	-2.93886	4.65478	4.2313	0.45672
94.93188	-16.14338	1093.90442	-2.92356	2.96305	3.95512	0.64869
97.47896	-17.4516	1125.61388	-2.07037	2.80359	3.26675	0.29242
99.33572	-15.83149	1155.39527	-1.94071	2.04629	2.64042	0.33228
101.27517	-12.19447	1184.63407	-1.44694	2.22549	2.35417	0.68134
104.15309	-12.76947	1212.9027	-0.2769	1.72694	1.46375	0.58382
113.93154	-13.29119	1241.75545	0.33882	2.68471	-0.22606	0.63038
125.66781	-11.36316	1267.98174	0.2823	3.33012	-0.81568	0.53008
135.76722	-5.92542	1293.02856	-0.36973	3.13776	-2.1163	0.59205
142.48262	1.01077	1313.62974	-1.36428	2.13948	-3.33165	0.55538
148.4713	5.88291	1329.67919	-1.5585	1.57883	-3.69717	0.55829
157.76529	8.16764	1344.00456	-1.14506	1.60282	-3.83266	0.64031
169.85597	8.62395	1357.1171	-0.89274	2.50933	-4.03475	0.69492
181.7036	7.23501	1366.76903	-1.13696	2.59886	-4.38695	0.72275
197.33305	4.54969	1377.63708	-1.66513	2.48365	-4.63355	0.69024
215.56839	0.43026	1388.21925	-1.93882	2.09431	-4.23704	0.47896
235.7909	-3.25529	1393.59522	-2.58304	1.26544	-3.38535	0.46089
263.59382	-5.5247	1401.0904	-3.39197	1.31658	-2.1195	0.4784
290.57542	-6.21985	1412.23187	-3.83579	1.39217	-0.45284	0.39238
305.89971	-5.40273	1422.09444	-3.75969	-0.47495	1.46333	0.51509
316.46317	0.54268	1428.71595	-3.8068	-2.57267	2.75139	0.27612
332.11118	9.54328	1434.67798	-3.27994	-3.421	4.66673	0.3623
352.32052	21.5873	1440.38833	-2.54064	-3.73165	6.903	0.25343
370.34009	38.47044	1444.50188	-1.75787	-4.21059	8.76706	0.27984
386.24774	53.83631	1446.14717	-0.76116	-4.19938	11.65293	0.25795
400.81028	68.99888	1444.10276	-0.1073	-4.27367	13.8912	0.41708
415.73315	87.94435	1442.86792	-0.10436	-4.73967	16.31984	0.34562
432.33794	109.05415	1443.26803	-0.26402	-5.56724	19.24075	0.35785
451.0909	131.69116	1444.60996	-0.35569	-6.00762	22.65591	0.29203
469.89054	152.33268	1447.59256	-0.30689	-6.53318	27.15608	0.32419
489.49579	172.56415	1456.53957	-0.51401	-6.32722	31.45392	0.23694
505.85927	192.36353	1463.06119	-0.62543	-6.09289	35.98301	0.21341
516.49585	213.41109	1464.74986	-0.5681	-6.06757	40.27011	0.2191
524.08638	235.65106	1462.88229	-0.29351	-5.60469	44.9184	0.31181
527.67393	257.55701	1459.44592	0.3823	-4.73769	49.23885	0.3809
523.71515	279.13296	1455.57027	1.06351	-4.25664	52.82773	0.47969
513.79048	303.00933	1451.58695	1.65512	-4.55702	55.90471	0.61649
504.58124	328.49753	1450.02306	2.32783	-4.10263	59.67236	0.19873
496.48814	353.94578	1452.41786	2.92224	-3.72882	62.89464	0.1738
483.2396	379.71173	1454.81067	3.49544	-4.22228	65.09406	0.39028
468.34285	408.67602	1459.92953	3.71279	-4.55551	67.04904	0.289
454.78721	439.16782	1467.76206	2.84329	-3.98213	69.03117	0.2027
442.31662	464.88155	1473.1104	2.58241	-3.29069	71.64722	0.2087
431.12766	484.287	1473.04534	3.3187	-3.05908	74.37505	0.20204
422.41024	500.62213	1470.44849	4.09991	-3.11969	76.96516	0.31068
416.34216	517.93919	1471.23934	4.15496	-3.21984	79.47195	0.54437
412.45563	534.33513	1477.99617	4.27405	-3.21784	82.28863	0.26267
410.55099	549.14805	1485.87517	4.72672	-3.14076	85.44593	0.32627
409.33424	565.43912	1494.73895	4.37766	-3.41526	88.22594	0.37378
406.5208	580.43881	1502.19363	4.64561	-3.82271	90.98742	0.35343
402.78497	592.54059	1503.41498	5.60238	-3.87378	94.092	0.33679
396.40869	603.75563	1498.12134	6.72373	-3.79194	96.98494	0.28334
386.53862	615.16876	1489.81863	7.51249	-3.22127	100.30898	0.33359
372.82501	632.09925	1485.63988	7.50868	-2.39376	103.98803	0.34135
352.07603	655.67703	1483.83051	6.15224	-2.27273	107.37784	0.28581
328.28977	674.5112	1479.46206	5.62748	-2.0469	110.77631	0.30919
300.33867	687.60126	1475.33354	5.64145	-1.74585	113.91369	0.30316
269.07466	698.30438	1472.53135	6.48538	-0.80716	117.61703	0.2615
236.19981	713.35177	1476.92506	6.10551	0.24277	121.42004	0.28392
200.15476	730.00246	1483.65155	5.30922	0.20188	124.09464	0.26191
166.47606	742.57112	1488.35027	4.82521	-0.06731	126.44196	0.35966
138.22394	750.28408	1489.91533	5.54453	-0.06501	128.0416	0.26136
112.6749	756.15463	1490.46461	6.77931	0.25004	129.72783	0.2064
87.73991	765.59728	1490.57205	7.31314	0.73021	132.05946	0.25309
60.58913	779.67111	1489.28027	6.6691	0.68918	135.02577	0.18269
33.42952	793.743	1486.9557	5.96033	0.71258	139.05646	0.25301
10.18234	804.97048	1484.73035	5.84537	1.28245	143.52757	0.54961
-11.74876	811.95092	1483.05387	6.23103	1.6073	147.36177	0.57225
-29.62162	813.67319	1477.0573	6.85317	2.2229	151.30244	0.43472
-44.75275	812.33791	1464.9382	7.50762	3.66099	154.69685	0.12997
-65.72752	812.60928	1455.9254	7.30404	4.40511	158.17247	0.21872
-92.80757	814.59115	1451.63192	6.16299	4.39074	162.07851	0.29821
-121.72301	813.01492	1447.40759	5.17905	4.17798	165.26324	0.34285
-149.57383	804.6597	1442.18516	4.99718	4.73364	168.4881	0.56627
-180.95357	794.18406	1437.34666	4.55497	5.1603	171.52055	0.48733
-219.18554	785.13663	1437.44979	3.77368	4.71755	174.11	0.68491
-258.30936	774.89212	1440.03162	3.36554	4.39353	176.10353	1.05981
-297.74943	762.3664	1448.78773	3.73728	3.56077	177.45515	1.05564
-333.08302	750.19879	1462.8338	4.22325	3.03402	178.72394	1.20908
-361.25103	738.72263	1474.73093	4.51834	3.71251	-179.88359	0.51089
-385.04753	729.55895	1482.80061	4.69606	4.85864	-177.79315	0.62785
-409.97591	722.74912	1487.02738	4.3627	5.33786	-175.18005	0.51144
-436.50285	717.84263	1490.38076	3.92579	5.13271	-172.24971	0.25355
-457.63808	711.93002	1494.57712	3.755	5.81309	-169.10805	0.31631
-476.89864	702.60829	1501.92112	3.5137	5.84102	-165.72772	0.31205
-493.407	691.4653	1505.86792	3.03809	5.88856	-162.25987	0.24697
-507.24626	678.47716	1506.28762	2.03406	6.59146	-158.81514	0.23232
-524.46605	661.79134	1506.26559	1.23858	6.43383	-155.47902	0.31397
-544.04649	641.29862	1507.77004	0.75239	6.14383	-152.73944	0.36513
-560.70921	616.79309	1509.78015	0.27257	6.83677	-150.48906	0.45062
-577.55385	591.21737	1510.08909	-0.83276	7.99885	-148.12144	0.33214
-602.74306	565.20949	1511.25255	-1.95763	7.64773	-145.42601	0.59425
-632.06713	538.08746	1513.14438	-2.17745	6.6956	-144.15427	0.7697
-656.10594	511.91291	1509.23549	-2.20114	6.80882	-143.67059	0.9779
-679.85835	487.54755	1497.70914	-2.05971	6.54751	-142.36006	0.88282
-704.26524	461.19021	1486.13103	-1.12946	6.01822	-141.50137	0.69976
-729.14603	436.83442	1480.30647	-0.8764	5.91203	-139.80923	0.25582
-755.59547	413.89207	1479.64042	-1.19827	6.25477	-137.68826	0.66171
-782.417	388.76179	1480.05364	-1.14643	7.1953	-135.54958	0.27144
-809.90952	359.5821	1483.50699	-0.16681	7.4876	-132.92035	0.608
-832.97835	334.21453	1488.69862	-0.26153	7.75315	-129.46542	0.50406
-853.50079	308.59539	1495.4518	-0.59911	7.50045	-126.22481	0.4848
-873.71642	280.44712	1503.78809	-0.27282	6.51461	-123.06015	0.47794
-888.74974	255.93972	1511.32195	-0.76778	5.88576	-120.76725	0.38407
-893.17902	238.28673	1518.74477	-2.38652	6.53635	-119.10149	0.43756
-892.01183	222.08432	1524.77837	-4.72331	7.53221	-117.57516	0.47256
-892.25401	198.16497	1527.95646	-6.00189	7.81204	-116.06973	0.34471
-897.3231	158.49654	1531.58125	-4.87415	6.88908	-114.7948	0.19597
-905.78093	110.47242	1537.24894	-2.4131	5.39539	-113.34687	0.25731
-913.22288	70.76833	1542.52905	-1.59918	4.54416	-112.87836	0.51284
-917.92628	41.3217	1544.83432	-2.2317	4.523	-112.07549	0.15782
-919.23947	17.02302	1546.5552	-2.72318	5.1132	-111.38667	0.22186
-921.13617	-5.99309	1551.38358	-3.25485	5.10813	-109.41594	0.28009
-925.50705	-29.79291	1561.12128	-3.39704	4.64453	-106.30918	0.21703
-931.2185	-50.814	1572.94872	-4.73347	4.79091	-103.11956	0.14283
-937.49327	-70.1898	1584.02151	-5.76529	5.08457	-100.30442	0.25251
-942.26659	-93.54589	1595.95284	-6.07004	4.86006	-96.72458	0.46811
-943.02919	-116.22524	1602.0779	-6.47112	4.44883	-93.24687	0.48852
-938.71291	-138.5911	1600.37534	-7.1108	4.24023	-90.65734	0.4073
-931.20173	-167.13116	1593.34558	-6.88629	3.86816	-87.9261	0.37584
-920.20321	-201.81886	1583.37823	-6.00873	3.24793	-85.27724	0.35121
-904.56391	-235.89313	1575.5814	-6.20722	2.60555	-82.59524	0.34702
-886.6647	-271.46964	1572.97357	-6.77384	1.92176	-80.08194	0.2205
-869.76324	-309.90573	1577.6282	-6.30351	1.23543	-77.24927	0.28004
-855.76105	-345.34545	1579.34173	-5.17047	1.14699	-75.48376	0.23468
-841.71147	-373.81249	1575.0845	-5.20212	1.51381	-74.188	0.23264
-827.6077	-400.16211	1570.27352	-5.05013	2.36487	-73.18707	0.26204
-817.74268	-426.76277	1566.8741	-4.7156	2.86035	-71.77824	0.2696
-813.30543	-456.25525	1565.4106	-4.57576	2.33117	-70.27136	0.2852
-810.019	-487.83309	1565.08116	-5.0316	1.65803	-68.54894	0.2893
-806.86064	-519.01741	1563.79004	-6.06779	1.4024	-66.31829	0.63166
-804.4204	-550.32511	1562.96163	-6.99514	1.46791	-64.84286	0.55197
-801.97076	-584.03936	1563.17251	-6.77556	1.79022	-63.17269	0.32568
-797.59309	-614.88011	1563.26924	-6.55167	1.97858	-62.38403	0.29025
-787.95806	-641.60849	1562.53326	-6.41106	2.0407	-60.91043	0.46928
-774.2096	-668.51438	1560.54495	-5.29182	2.00436	-59.33223	0.52437
-754.8684	-692.63078	1558.09067	-4.13491	1.91666	-58.16617	0.70252
-729.3267	-709.47911	1555.60259	-4.53136	1.75925	-56.96864	0.64138
-700.78491	-723.48784	1554.5649	-5.41032	0.9947	-55.23911	0.63754
-672.27964	-738.66917	1559.0858	-5.36994	0.13727	-53.63218	0.69179
-646.4496	-754.59339	1569.95136	-4.99397	-0.46263	-52.56075	0.73391
-623.49274	-769.64982	1583.13693	-4.72075	-0.81694	-51.01432	0.72506
-602.50363	-783.57056	1594.86821	-5.33565	-0.69567	-49.96167	0.73857
-581.72147	-802.16031	1605.29428	-5.55601	-0.12435	-48.68573	0.82808
-560.47424	-828.55917	1615.03736	-4.96005	0.31667	-47.16182	0.88609
-539.47499	-859.1215	1621.51402	-4.87645	0.34878	-45.26814	0.94874
-518.1493	-888.78158	1622.38334	-6.1322	-0.14997	-43.32798	0.96385
-493.95269	-916.89286	1617.79311	-7.52056	-0.33058	-41.78382	0.74083
-467.17059	-943.49031	1612.30306	-8.23824	-0.78503	-38.85541	0.72082
-440.18851	-969.53584	1610.21891	-8.13324	-1.48259	-36.19778	0.79364
-409.48208	-992.9369	1610.69784	-7.60307	-2.05673	-33.61845	0.81603
-372.27971	-1013.05175	1610.19372	-7.00295	-1.73235	-31.60164	0.82782
-330.23909	-1030.1015	1608.24566	-6.72353	-1.48543	-30.28407	1.04695
-284.36129	-1044.22989	1606.67521	-6.62722	-1.80105	-29.06575	0.90857
-236.51927	-1058.44436	1608.93339	-5.80293	-1.29401	-27.04965	0.75681
-194.85072	-1070.25206	1612.40309	-5.39153	-1.28069	-25.94008	0.60802
-162.2903	-1078.93504	1615.38784	-5.80714	-2.14184	-24.63627	0.53776
-132.62752	-1087.48186	1616.34857	-6.34547	-2.61048	-23.56686	0.47697
-101.29225	-1099.51162	1616.84105	-6.43965	-2.44779	-22.22486	0.32207
-69.2709	-1116.75157	1619.04567	-6.03715	-2.1493	-19.95898	0.13636
-37.45568	-1136.84548	1622.52753	-5.84937	-2.10192	-18.13743	0.14328
-7.38863	-1155.39463	1623.9323	-6.29917	-2.22075	-16.155	0.3276
21.63625	-1171.19502	1626.29293	-6.65833	-2.57045	-13.84393	0.15384
51.63875	-1185.46887	1630.18876	-6.3137	-2.44163	-11.48596	0.19388
83.99537	-1195.70175	1632.25671	-5.97742	-2.12797	-9.55025	0.26799
117.07589	-1203.44696	1631.21017	-5.47333	-1.77356	-7.66891	0.30073
151.04615	-1208.25187	1628.97852	-4.95125	-1.81154	-5.88176	0.361
188.74367	-1208.65758	1627.45246	-5.02802	-2.55936	-4.40119	0.3973
234.72941	-1208.20853	1627.74922	-4.97112	-2.79093	-2.96249	0.43153
282.18533	-1208.76072	1630.5089	-4.89941	-3.14882	-1.77821	0.42709
327.7919	-1209.56316	1636.91757	-4.90271	-3.54012	-1.16371	0.45155
372.97484	-1212.17151	1642.81128	-4.93528	-3.13794	-0.11162	0.57603
413.0396	-1216.19111	1647.23662	-4.87772	-3.20586	0.62756	0.62141
450.65043	-1218.32133	1650.12621	-5.37532	-3.55671	1.61878	0.6099
491.48348	-1222.36564	1653.3609	-5.65079	-3.54631	3.92195	0.5699
534.08712	-1229.77245	1654.76937	-5.49748	-4.05674	6.5745	0.70045
574.66529	-1238.51281	1655.88726	-5.57119	-5.92946	9.17375	0.27996
615.39829	-1244.59733	1659.52843	-5.89643	-7.30662	11.13846	0.40076
656.14346	-1248.03105	1663.00081	-5.69592	-7.54596	13.51858	0.27076
693.77855	-1248.43514	1665.15725	-5.13134	-7.6712	15.23984	0.17409
730.09333	-1242.97646	1664.71556	-4.58986	-7.24358	17.05855	0.18162
763.31123	-1230.74345	1662.80812	-4.31499	-7.62842	18.6697	0.24515
796.60549	-1214.67305	1660.75515	-3.82839	-8.32022	20.06923	0.44479
831.71598	-1195.79074	1658.3039	-2.92899	-9.0652	21.93582	0.46658
871.0251	-1171.64574	1660.49157	-2.31419	-9.11567	23.7051	0.4736
913.47143	-1145.89426	1664.7962	-2.65327	-8.92561	24.70808	0.48345
954.14568	-1125.04649	1668.10873	-2.31242	-8.56234	26.76489	0.54533
992.46252	-1106.75392	1670.93266	-2.23491	-8.04717	28.35276	0.62299
1027.41352	-1088.59464	1673.17488	-2.65189	-7.6137	30.11682	0.55428
1062.41286	-1073.40252	1674.78401	-2.48348	-7.54874	32.95651	0.7006
1098.26845	-1060.03234	1674.53591	-2.15994	-8.09538	35.66241	0.78751
1135.30775	-1045.41673	1674.42958	-2.19177	-8.97439	38.10899	0.72447
1174.97655	-1026.8474	1681.00713	-2.18244	-8.17216	42.08215	0.36676
1209.63592	-1009.1175	1683.51002	-1.82055	-7.52758	45.63179	0.66153
1234.00692	-991.2072	1681.54346	-1.10665	-7.66927	47.47694	0.70509
1253.42137	-969.76389	1680.41951	-0.71252	-7.50417	50.26141	0.2043
1272.91661	-942.30882	1678.46753	-0.40958	-7.28348	52.6447	0.27446
1291.92943	-906.41935	1675.63459	-0.52392	-7.00421	54.80193	0.25503
1309.86323	-864.82424	1672.53113	-0.33354	-7.02396	56.56783	0.21181
1327.2373	-819.70628	1669.89278	0.22291	-7.17366	58.55993	0.19365
1343.24479	-773.26557	1669.90807	0.28669	-7.15851	59.98054	0.2499
1358.7579	-728.60259	1675.87874	0.62386	-7.32653	61.62624	0.29555
1375.97387	-685.29369	1688.47967	1.02194	-7.07571	63.83984	0.41082
1393.50097	-641.48677	1701.43416	0.53341	-6.77237	65.12321	0.46567
1409.74399	-600.00541	1710.05587	0.58417	-6.98587	66.56309	0.5133
1426.42	-563.94332	1719.49896	1.13486	-7.26615	69.29724	0.35476
1442.26661	-532.43815	1731.5699	3.46362	-7.60057	72.02742	0.49997
1453.09183	-498.78754	1744.13124	4.59838	-8.14861	74.44926	0.7669
1457.64585	-463.91687	1756.89244	5.30404	-8.49931	77.6503	0.64728
1458.00529	-431.06256	1765.31181	6.38054	-8.95198	79.98351	0.53936
1454.96746	-400.56467	1767.82066	7.56482	-8.71296	82.04531	0.41467
1447.2876	-369.1952	1767.573	8.80853	-8.75764	84.05357	0.36129
1436.35152	-334.59113	1767.1661	9.77003	-8.80467	84.52768	0.3846
1425.91267	-295.34079	1770.93014	9.60977	-8.75126	85.21108	0.39462
1420.82076	-253.31804	1777.02512	8.58323	-7.90853	86.04947	0.38599
1419.7714	-212.11102	1785.88249	7.72527	-7.13996	85.77944	0.35999
1421.08209	-172.4327	1794.82349	6.63191	-6.38666	86.53979	0.39485
1422.25052	-131.3127	1800.63162	4.37941	-6.25444	87.28783	0.35425
1424.59953	-89.29904	1802.61492	2.02134	-6.46005	87.29801	0.48807
1430.05652	-48.34733	1802.89251	0.71198	-6.46146	87.4749	0.60319
1439.1567	-8.54793	1805.97958	0.95678	-6.5624	87.87048	0.58224
1450.55341	33.33457	1811.10744	0.55611	-6.42148	89.08667	0.49399
1461.45955	74.32819	1813.12875	0.14832	-6.10258	90.12352	0.55976
1469.97745	112.26536	1813.10454	-0.23957	-5.59496	90.98391	0.48575
1474.52809	147.57434	1814.34798	-0.00953	-5.49926	91.35294	0.45939
1476.07914	180.92673	1814.48731	1.31231	-5.05731	91.65483	0.48257
1474.82145	217.40485	1811.08356	2.01309	-4.87626	92.45958	0.4611
1471.75272	258.97749	1804.76231	2.50551	-4.03308	92.56594	0.38614
1465.75815	305.56521	1797.96325	3.20952	-3.80211	91.74461	0.53322
1459.36788	355.75198	1791.22813	2.68403	-3.61299	91.41151	0.47361
1454.2365	404.80228	1785.22919	2.40652	-3.52474	91.44045	0.46666
1448.6659	456.40595	1782.31584	1.49173	-3.66053	91.94882	0.32678
1443.76293	510.20666	1784.60875	0.39625	-3.95159	92.70817	0.37231
1439.56149	563.14666	1791.94395	-0.59671	-4.4027	93.65484	0.30223
1437.32724	613.95916	1799.87836	-1.09231	-4.68738	96.10733	0.35019
1435.76921	662.94253	1803.33937	0.03803	-5.40329	98.29514	0.58161
1430.87855	714.34401	1800.52951	0.70023	-6.41335	99.92848	0.63576
1422.48767	761.83936	1792.83905	1.88708	-6.81649	102.69383	0.63157
1412.77632	807.18415	1780.7175	3.35553	-6.55768	105.70468	0.66176
1399.25699	854.45927	1773.05649	3.63193	-6.11916	108.46207	0.63387
1378.61234	904.91445	1770.49638	2.53882	-6.07604	111.13591	0.58637
1351.31815	955.09815	1768.80695	1.56692	-6.2591	113.39454	0.64607
1322.01248	1001.95422	1772.59264	1.33295	-6.46602	115.24398	0.62369
1296.554	1043.24298	1780.07425	2.27522	-6.22457	117.15512	0.71849
1275.77252	1079.90418	1782.14437	2.79553	-5.4849	117.82826	0.7674
1255.8364	1114.9896	1783.33396	3.63943	-4.86423	119.53596	0.60225
1232.4273	1152.79919	1787.81286	3.17613	-4.96272	122.54135	0.58821
1208.58768	1193.23674	1790.32961	2.28227	-4.90183	126.14197	0.46022
1184.80178	1233.10215	1793.07102	1.85694	-4.90782	130.57323	0.38666
1159.51022	1270.58747	1798.22063	2.64962	-4.65821	135.76038	0.45494
1132.7968	1305.25822	1805.45344	3.97065	-4.35322	140.16429	0.47786
1105.27047	1335.58386	1809.71747	5.08159	-3.55377	144.11322	1.29546
1075.38419	1360.54127	1809.65857	5.9321	-2.92298	148.10623	1.6686
1041.97139	1382.95394	1808.28914	5.969	-2.73195	151.76662	0.75246
1002.05956	1405.5743	1806.26652	5.42369	-3.10715	154.63948	0.70593
957.95412	1424.41661	1804.72419	5.2329	-2.87011	157.22119	0.54065
911.63128	1438.68794	1804.08289	5.49793	-2.13439	158.97275	0.4454
865.95703	1450.67524	1804.04199	5.66035	-0.80235	160.49236	0.42541
820.02785	1462.4515	1806.02801	5.19598	-0.20678	162.5099	0.34651
773.99954	1472.40287	1808.21975	5.20892	-0.05508	164.44235	0.47294
728.95922	1486.59963	1812.52324	5.19617	-0.10744	166.33588	0.45994
683.05523	1503.95378	1814.52857	5.2248	-0.19704	167.26282	0.39885
636.40676	1525.10435	1812.52225	5.47822	-0.79868	168.60712	0.49031
591.74885	1551.74786	1809.25932	5.58893	-0.89492	169.86115	0.68203
550.39317	1581.6996	1808.76	5.94632	-0.401	170.7469	0.48766
512.4283	1610.90758	1810.73917	6.54172	0.68616	171.85651	0.4689
473.92789	1636.02125	1813.37911	6.735	0.91207	173.28828	0.56668
434.81156	1659.27586	1817.04651	6.1112	-0.1101	174.99701	0.4328
397.46678	1679.70195	1820.62089	5.64703	-0.75556	176.01967	0.46245
358.02386	1697.49817	1825.29567	5.49146	-1.28086	176.99409	0.48228
314.78496	1712.61955	1826.8453	5.43833	-1.4819	177.39639	0.42
268.56817	1723.86276	1825.58212	5.44629	-1.74462	177.29037	0.37669
222.77184	1730.38446	1827.21348	5.58511	-1.20217	177.78674	0.42796
178.17895	1733.59837	1836.92559	5.99013	-0.91855	178.25409	0.46726
141.14696	1737.01966	1843.5705	6.13084	-0.2459	178.38614	0.48509
110.33119	1740.03649	1846.57086	6.37435	0.65638	179.9586	0.50169
79.01804	1744.48006	1848.26335	6.26134	1.02196	-177.55365	0.43301
41.85878	1750.78892	1848.65554	6.2113	0.60892	-175.67577	0.48378
-0.92688	1760.18277	1848.54629	6.20519	-0.65325	-174.17027	0.49611
-44.73999	1773.16007	1849.88858	6.17164	-1.22319	-172.5632	0.48914
-86.19129	1788.16	1852.79147	6.30261	-0.93164	-171.32553	0.44932
-122.71748	1802.12351	1853.88427	6.51363	-0.01885	-169.61252	0.47868
-156.44782	1812.01087	1854.85895	6.30229	0.62014	-167.46136	0.33643
-191.12072	1816.6606	1857.51614	6.68951	0.57401	-166.35541	0.29998
-225.97884	1818.93172	1860.44035	6.46855	0.42341	-165.50797	0.33435
-259.57855	1817.85049	1863.72255	6.38269	0.60062	-164.38632	0.49458
-293.33517	1814.30448	1867.75991	5.95154	1.22039	-163.92432	0.39088
-327.89644	1805.61758	1867.6272	5.91261	1.9341	-163.60497	0.30326
-366.79775	1792.42121	1866.3591	5.873	2.00574	-162.81613	0.30261
-408.63876	1775.29412	1866.94304	6.04196	2.18884	-161.51578	0.22322
-451.21014	1756.30119	1867.97557	6.10132	1.91585	-160.02893	0.2668
-491.37102	1738.63822	1868.17005	5.97294	2.12317	-158.26483	0.3771
-530.2802	1723.66991	1868.55031	5.84526	1.88609	-157.05811	0.53425
-569.26443	1710.85059	1870.01431	5.9567	1.94051	-155.71935	0.61923
-612.20938	1700.00207	1869.08546	6.25354	1.38063	-154.69563	0.71776
-657.663	1691.7589	1865.3264	6.84942	0.76301	-153.83688	0.76641
-701.18027	1685.89294	1860.99829	6.97671	0.81789	-152.89676	0.80471
-741.38138	1678.40216	1858.91713	7.39878	1.82984	-151.30812	0.77958
-781.91778	1669.28305	1860.96337	7.62634	2.74219	-149.38483	0.74858
-821.84911	1659.57581	1861.47405	7.5973	3.22426	-146.89644	0.70049
-859.20876	1650.342	1861.08841	6.72419	3.42442	-144.41652	0.69362
-894.28862	1637.02126	1865.52492	5.78745	4.00775	-141.88269	0.72473
-930.77637	1617.1501	1870.99887	4.86777	4.16962	-140.16316	0.66871
-969.98713	1590.86662	1874.00075	4.30765	4.07602	-138.67873	0.51414
-1013.24373	1559.27443	1877.65217	4.10285	2.50405	-137.16043	0.38083
-1056.77691	1520.98056	1887.36407	4.1045	2.08737	-136.29399	0.50928
-1099.94425	1482.27096	1898.32647	4.00824	1.3382	-136.03204	0.38208
-1135.71041	1448.04595	1902.71491	3.24739	2.33271	-135.22504	0.37562
-1168.66527	1417.55457	1902.2456	2.74477	3.18638	-133.95815	0.37848
-1205.30325	1386.91496	1899.51788	2.77212	3.25777	-132.35027	0.38689
-1250.19937	1353.66214	1894.576	3.52425	2.41082	-129.76315	0.54292
-1297.1715	1320.38025	1889.73793	4.54108	2.38974	-127.45009	0.7835
-1344.69476	1291.21764	1891.08434	3.64784	2.2153	-126.29915	0.81909
-1388.98043	1262.49232	1898.16677	3.12143	1.89377	-124.64938	0.85161
-1423.88039	1233.03492	1903.1112	4.04256	1.99743	-121.65035	0.74084
-1450.62357	1203.06723	1902.68457	4.77731	2.70513	-119.63763	0.70366
-1473.75515	1176.12137	1903.01939	3.36828	3.3902	-119.00275	0.72565
-1495.2653	1150.55308	1903.73626	2.47894	3.1934	-116.94089	0.39542
-1515.80791	1122.94115	1901.60485	1.83618	2.29809	-113.95819	0.51925
-1533.5271	1088.29722	1900.94243	0.86983	2.36251	-112.42544	0.49868
-1550.66119	1044.28771	1900.00837	1.08205	2.05625	-111.59584	0.42328
-1567.9115	995.95296	1896.35927	1.0964	1.50471	-110.9025	0.4209
-1582.99594	946.1218	1893.66768	2.27865	1.3675	-110.72327	0.39472
-1599.32164	899.90047	1894.05006	2.99948	1.33998	-109.83899	0.45575
-1618.81124	857.45276	1896.50523	3.55743	1.54385	-109.27122	0.451
-1643.8775	817.47965	1896.22348	4.38218	1.29148	-108.98074	0.40575
-1671.19871	778.45855	1895.40928	4.50348	1.49816	-108.18737	0.53781
-1699.92268	736.9648	1894.49738	4.63393	1.91047	-106.75842	0.65834
-1728.69617	692.99542	1893.5635	4.741	2.43696	-104.20582	0.65626
-1755.4629	646.84654	1896.79863	5.22231	2.91542	-101.66774	0.57893
-1779.86152	604.09467	1898.32247	4.989	3.12098	-99.3287	0.73421
-1801.28082	561.67836	1900.57578	4.97145	3.22	-97.59298	0.66597
-1819.45395	517.9912	1904.78595	5.10486	3.02435	-96.03182	0.62758
-1833.35887	474.46108	1906.92551	5.31361	3.02663	-95.64616	0.55903
-1843.33761	430.32178	1908.3934	5.22717	2.87108	-95.633	0.54628
-1850.72116	381.32242	1913.56164	5.38834	2.73124	-95.26501	0.51258
-1857.18065	328.12386	1922.47091	5.64127	2.36673	-94.08887	0.65218
-1863.15223	275.91262	1930.91075	5.7679	1.93679	-93.77884	0.62603
-1865.67933	226.97325	1934.62804	4.52542	2.4081	-93.46752	0.55401
-1867.57697	175.11611	1934.81288	4.89521	2.9043	-92.69872	0.45462
-1872.34373	120.13711	1935.54651	5.55581	3.13645	-91.09813	0.55894
-1881.25278	63.30758	1935.98525	6.0543	3.11314	-89.65212	0.54768
-1891.82537	5.25236	1936.19783	5.86299	3.52928	-88.27303	0.49211
-1903.77396	-53.54744	1935.43392	5.72431	3.87338	-86.87935	0.4034
-1914.58947	-110.8144	1937.17714	5.4759	4.433	-85.49284	0.36121
-1923.04426	-164.35528	1940.45584	4.88166	4.69067	-83.97938	0.27592
-1929.24784	-215.67336	1944.57956	4.40448	5.04667	-83.22372	0.2496
-1934.21872	-266.17817	1948.55654	4.51095	5.06113	-82.52132	0.30602
-1937.48132	-316.69762	1951.62136	4.65182	4.83234	-82.02396	0.32567
-1936.89086	-368.4563	1953.76039	4.91853	4.91104	-82.09538	0.29919
-1933.04283	-420.97808	1957.29913	4.51265	4.97274	-82.3353	0.32296
-1926.79416	-473.88022	1961.04718	3.73147	5.01876	-82.01585	0.29454
-1923.94498	-526.50982	1966.73779	3.54497	4.58514	-81.69259	0.31147
-1921.23308	-575.34138	1971.14294	2.65909	4.16436	-81.33404	0.28629
-1915.4552	-624.60796	1973.41972	2.54162	4.35256	-81.23341	0.37523
-1907.58998	-678.99002	1972.30719	3.42055	4.97608	-80.93778	0.28743
-1901.0027	-734.83419	1968.18263	3.34937	5.33434	-79.58784	0.34605
-1896.11841	-790.98657	1963.38696	3.09365	5.65734	-77.74529	0.34651
-1891.06311	-846.73068	1962.18806	2.1501	6.30159	-76.14346	0.24427
-1884.5622	-901.86734	1965.4838	2.05318	7.40639	-75.022	0.23665
-1879.35099	-954.31314	1970.0709	1.55664	7.8982	-72.83205	0.23295
-1874.37962	-1004.85775	1969.93237	1.39814	7.72021	-70.92602	0.22373
-1864.04169	-1055.5648	1967.06657	2.2744	7.5784	-69.09455	0.24837
-1847.39169	-1105.60284	1962.43403	2.86552	7.6425	-67.43226	0.20915
-1824.05304	-1154.53332	1956.01657	2.9076	7.69677	-66.41543	0.40108
-1793.89223	-1202.45596	1949.60184	2.75597	8.19165	-64.82795	0.40303
-1761.96022	-1245.84525	1946.41539	1.75741	8.16877	-62.63915	0.43609
-1731.20159	-1286.02932	1947.82103	1.6197	7.90449	-60.41071	0.3259
-1700.32019	-1321.23227	1950.83912	0.86921	7.8693	-57.32394	0.54638
-1669.93883	-1353.57927	1954.79821	0.46321	7.99683	-54.34598	0.80626
-1640.44965	-1384.19209	1956.41362	0.22889	8.15113	-51.22507	0.96994
-1612.83794	-1413.89491	1955.1981	-0.09278	8.29825	-47.93024	1.12115
-1588.15949	-1441.87165	1951.94096	-0.4968	8.20212	-44.06817	1.10103
-1563.9436	-1466.11247	1950.30272	-1.59672	7.73536	-40.11792	1.08749
-1537.72493	-1485.35811	1951.42199	-3.34489	7.54095	-36.93217	0.53607
-1510.50436	-1501.89023	1949.7278	-4.81814	7.1902	-33.63707	0.82625
-1484.16854	-1519.50332	1945.99667	-5.5951	6.53297	-30.37576	0.86775
-1452.15406	-1539.18359	1945.28023	-5.55992	6.40764	-27.27713	0.8819
-1413.5721	-1559.77839	1945.32046	-5.11454	6.57974	-24.40054	0.4182
-1369.71279	-1578.78147	1944.26154	-4.8794	6.77083	-22.16949	0.5566
-1322.24807	-1594.29396	1943.74109	-4.96528	6.67024	-20.63159	0.61558
-1274.58192	-1609.71198	1945.723	-4.69832	6.00479	-19.60301	0.4168
-1228.4132	-1625.7831	1947.73585	-4.17559	4.89771	-19.04862	0.46549
-1183.03255	-1641.37501	1946.04159	-3.93533	5.24935	-18.96807	0.65035
-1138.75368	-1656.05323	1945.9481	-3.47576	5.68332	-18.35989	0.87101
-1093.24076	-1672.11962	1948.5207	-2.98563	6.50578	-17.31591	1.1048
-1046.00543	-1690.17274	1950.02202	-2.64302	6.9784	-15.95915	1.16933
-997.88502	-1709.17308	1948.17565	-2.90534	7.08559	-14.27195	0.94953
-948.87119	-1729.53165	1942.47364	-3.33261	7.23356	-12.71426	0.82048
-900.16585	-1751.19324	1936.80696	-4.27243	6.79459	-11.07858	0.50074
-851.93983	-1772.17319	1932.68953	-5.17076	6.6262	-9.60365	0.32997
-804.87924	-1790.94637	1932.02807	-5.41228	6.79887	-7.65434	0.2498
-759.2837	-1806.69977	1932.81478	-5.65313	7.28877	-5.58996	0.3147
-714.13002	-1820.43884	1936.77538	-5.60226	7.40765	-3.75172	0.30647
-667.2161	-1831.3388	1941.72473	-5.32622	7.72613	-2.30249	0.25853
-620.35481	-1839.29771	1945.39966	-4.97791	7.56842	-1.7615	0.29804
-571.6569	-1843.87773	1949.5099	-4.80702	7.03657	-1.83035	0.33305
-518.43067	-1846.98485	1956.0385	-4.25797	6.96052	-1.92307	0.34112
-463.55422	-1847.0917	1965.4627	-4.1905	6.36578	-1.65336	0.29508
-408.37547	-1847.07423	1974.18458	-4.1806	6.60398	-1.97207	0.2996
-355.82376	-1847.45135	1980.76963	-4.27998	6.21819	-1.92664	0.3215
-302.84846	-1849.63643	1984.55216	-4.13471	6.74227	-0.96388	0.31366
-248.07894	-1854.12131	1985.8052	-4.09256	7.47952	0.62333	0.29084
-191.62956	-1861.42503	1983.88097	-4.18727	7.77577	1.55234	0.27267
-132.44079	-1871.89594	1982.45136	-4.25235	8.38298	2.56904	0.29646
-74.66827	-1882.80098	1984.50898	-4.59816	8.0843	3.67398	0.25713
-20.82472	-1892.90669	1989.06609	-4.96255	6.63059	5.12782	0.24881
30.1354	-1899.55877	1993.0054	-5.31161	5.86441	6.68499	0.20813
79.56185	-1904.60937	1994.69712	-5.35507	5.28643	7.48405	0.20869
133.01939	-1907.41237	1997.72975	-5.20691	6.06729	8.22366	0.19541
190.53378	-1909.1257	1998.79845	-4.88694	7.78071	9.33805	0.34089
248.47857	-1909.25333	1999.00612	-4.55463	8.46535	9.88123	0.2476
305.75268	-1908.89138	2001.96946	-3.60133	8.75643	9.71203	0.27765
359.66397	-1905.96426	2008.70799	-3.05787	8.40494	9.44528	0.29417
407.99754	-1903.61623	2017.64306	-2.60602	7.38224	9.33291	0.26081
451.17363	-1903.39523	2026.21931	-2.00339	5.85692	9.56351	0.25892
490.70796	-1905.28309	2030.00345	-1.70573	4.5953	9.65224	0.31084
529.94472	-1908.57306	2027.95192	-1.86619	3.6955	9.53348	0.32587
571.75233	-1911.92466	2020.82864	-2.12415	3.85786	10.04724	0.3014
616.98093	-1915.35517	2013.17248	-2.56844	4.17613	10.55385	0.30243
663.53058	-1916.73191	2009.749	-2.93281	4.39435	11.40155	0.25782
709.67539	-1917.00827	2011.44489	-3.01815	4.05586	12.99313	0.22294
754.72993	-1917.07493	2016.00465	-3.10904	3.30555	14.09703	0.21131
799.90451	-1913.06018	2019.27018	-2.9511	2.34468	14.75403	0.2468
850.47821	-1901.42882	2019.19886	-3.35418	2.60367	15.59988	0.42135
904.13567	-1883.81027	2014.88372	-3.73094	2.67101	16.40929	0.33936
958.25668	-1862.14259	2009.54133	-3.59371	2.39272	16.92028	0.28836
1011.97709	-1834.0997	2008.44485	-3.75974	1.95884	18.75657	0.21082
1060.63267	-1804.54148	2009.22722	-3.96139	1.76691	21.47621	0.26464
1103.03122	-1773.58442	2010.93328	-4.28917	1.47545	23.53019	0.30559
1143.78517	-1742.32095	2013.31564	-5.07192	1.89071	26.03671	0.47559
1184.57596	-1712.17968	2017.24696	-5.63973	2.64759	29.09308	0.45364
1225.18694	-1683.85711	2018.83245	-5.87221	2.9754	32.29051	0.73166
1264.53337	-1655.17875	2016.1894	-6.08757	2.64716	35.65856	0.55873
1301.78415	-1625.87389	2013.562	-6.44836	1.70878	39.27391	0.50867
1337.2965	-1595.42401	2012.69347	-6.43672	0.34365	42.79962	0.34309
1367.8861	-1562.68398	2011.43427	-6.76336	-0.53749	46.56774	0.28658
1391.81968	-1529.00442	2009.2463	-6.45889	-1.71614	50.76365	0.2346
1414.20725	-1491.58273	2009.80061	-6.79201	-2.03491	54.0057	0.24307
1435.73132	-1450.79591	2010.169	-6.86009	-1.71264	57.4247	0.80929
1454.54471	-1405.86236	2007.15083	-7.05437	-1.48295	60.35751	0.7897
1469.70092	-1358.82397	2002.66313	-6.7951	-1.54904	62.4108	0.30628
1483.91949	-1311.41396	2000.0703	-6.44639	-1.44955	63.92604	0.32856
1497.58746	-1267.01828	1996.02976	-5.65704	-1.35375	65.22282	0.51752
1510.17135	-1225.1195	1993.56398	-5.2625	-1.25294	66.17976	0.41439
1523.52605	-1184.3603	1994.41515	-5.22737	-1.25434	67.56174	0.50224
1539.87709	-1142.58644	1996.32545	-5.57688	-0.9887	68.83353	0.56368
1558.66259	-1099.74096	1995.43986	-5.62291	-1.04282	70.19708	0.60048
1580.752	-1054.09785	1996.29696	-5.78379	-1.3107	71.59316	0.75973
1604.90959	-1008.88716	1996.32609	-6.36464	-1.60591	72.95274	0.71801
1628.34192	-965.31881	1991.2731	-5.35138	-2.67206	74.55277	0.69609
1651.2481	-921.82751	1982.69385	-5.13398	-3.15314	77.08112	0.72528
1673.88978	-880.69171	1971.22642	-4.47391	-3.0354	79.5318	0.74053
1692.73653	-838.29533	1960.29449	-4.22271	-3.48595	80.63578	0.84609
1710.34719	-794.40967	1951.78257	-4.66001	-3.22615	81.29908	0.53927
1725.24031	-749.59278	1943.70064	-4.55242	-3.15062	81.93594	0.56748
1736.19053	-704.34246	1937.36125	-3.85632	-3.17993	82.66595	0.63506
1745.2244	-658.03322	1935.95616	-3.05638	-3.06556	83.60334	0.68489
1753.53074	-611.71872	1935.45176	-2.07577	-3.23607	84.15516	0.68522
1763.33956	-566.53757	1930.94621	-1.5638	-3.25674	83.86859	0.65982
1775.3918	-523.0079	1925.95392	-1.27122	-3.07548	84.31928	0.64847
1790.67673	-478.78561	1923.30648	-2.03241	-2.63494	84.93858	0.68973
1808.82435	-435.83622	1921.64128	-2.08934	-2.16154	85.82505	0.72316
1827.10384	-394.42257	1916.77238	-1.94718	-1.97848	86.92316	0.70496
1841.85769	-354.65522	1910.28188	-1.55954	-2.49242	88.18974	0.771
1853.10755	-314.94239	1905.50478	-1.29314	-3.20565	89.58031	0.60245
1860.83195	-275.90145	1897.61518	-1.57955	-3.7124	91.42041	0.5236
1866.18463	-236.09942	1888.7217	-2.17784	-3.83982	93.75163	0.47448
1869.12445	-193.49281	1883.2953	-3.24861	-3.30488	96.14447	0.78197
1868.26977	-149.84518	1877.59106	-4.13829	-3.09841	97.43225	0.81899
1862.42969	-107.1305	1870.36426	-4.15413	-3.27368	97.86161	0.80923
1852.31334	-64.39082	1863.84675	-3.75047	-3.36436	98.95889	0.69578
1839.43674	-19.62415	1858.6721	-3.50577	-3.63463	100.47063	0.6586
1827.67902	26.67091	1852.86372	-4.17073	-3.76601	101.66213	0.64373
1818.07065	70.2188	1843.9084	-4.37654	-3.79442	102.07851	0.70341
1809.40766	115.15871	1834.36618	-4.76567	-4.04624	102.6862	0.4959
1801.9846	160.71529	1826.26686	-4.51027	-3.72307	103.84629	0.61471
1793.30478	209.95146	1818.9158	-5.13174	-3.53979	105.20341	0.57084
1783.15343	263.06385	1814.59246	-5.57536	-3.75876	106.58348	0.65512
1773.01437	317.83166	1810.36622	-5.51387	-3.94811	107.53242	0.57185
1761.92923	371.66401	1805.8007	-5.54305	-4.87597	107.95168	0.52245
1749.9887	420.54569	1798.81091	-5.69212	-5.53855	108.94486	0.62829
1737.34464	463.54575	1790.88073	-4.99859	-5.80881	110.28217	0.75338
1723.18475	505.82102	1784.99975	-4.87751	-6.16999	111.0172	0.71187
1708.62653	551.29554	1781.41365	-5.76773	-6.47991	111.68814	0.60641
1694.74253	597.79026	1777.75608	-7.04303	-6.59384	112.20414	0.3362
1681.10147	641.81715	1777.07937	-7.81887	-6.40397	111.78241	0.65897
1666.98227	683.42635	1779.58069	-7.27893	-6.01788	110.94968	0.66414
1653.21862	724.17303	1782.83412	-7.09144	-5.5778	111.38071	0.73256
1640.64106	764.14858	1784.70214	-6.62058	-5.10397	111.35203	0.62393
1629.67506	803.62181	1784.82379	-6.44635	-5.01975	110.76392	0.49502
1620.87703	843.28561	1784.81617	-5.94328	-4.80458	110.76256	0.50156
1613.35063	886.26324	1785.2438	-6.16514	-4.92157	110.99995	0.54577
1606.71805	929.89622	1784.46185	-5.79791	-4.88337	112.02706	0.53394
1601.70408	972.46084	1780.24298	-4.77559	-4.7639	113.51157	0.54903
1591.78957	1015.16265	1777.17392	-4.14413	-5.31251	114.71875	0.36577
1575.60959	1054.47167	1774.38476	-3.70492	-5.84548	116.40715	0.49118
1556.9784	1090.99623	1770.72032	-3.02576	-6.45251	118.59563	0.3383
1537.14415	1126.58919	1766.04847	-3.14512	-6.94013	120.47221	0.33797
1515.9257	1161.86289	1758.81253	-2.79825	-7.10671	121.7915	0.35292
1490.82657	1199.00896	1749.51763	-2.38932	-7.30985	121.94984	0.39601
1461.28316	1238.82491	1740.91741	-2.3211	-7.64675	121.81386	0.67153
1431.72771	1280.21384	1735.319	-2.39804	-7.32531	121.86504	0.33887
1404.59217	1320.787	1732.4776	-2.56887	-7.06384	122.21636	0.40616
1383.9344	1361.56242	1731.00992	-3.29448	-7.04487	122.48664	0.43897
1369.85109	1400.28289	1730.40924	-3.51231	-6.34966	122.4577	0.38476
1356.7747	1436.24526	1730.96629	-3.1898	-6.31977	121.90028	0.34829
1344.13636	1472.51467	1732.12034	-3.25519	-6.42378	122.08313	0.40517
1332.49254	1513.72754	1735.70714	-3.45428	-6.67826	123.29158	0.36132
1322.33361	1558.02704	1740.15936	-3.25681	-6.44609	124.7337	0.40409
1312.79776	1599.74663	1743.80213	-2.14682	-6.19638	125.41805	0.36197
1299.91256	1638.42829	1745.98367	-1.19472	-6.28406	126.84656	0.31313
1283.97682	1673.90002	1746.03376	-1.08462	-6.70956	129.31787	0.38178
1265.24647	1706.68001	1746.65231	-1.24941	-6.92606	131.11021	0.32948
1241.24844	1739.37897	1745.37476	-1.79189	-7.50591	133.19664	0.48743
1212.97103	1770.31858	1736.81196	-1.91442	-7.98631	134.1657	0.47401
1179.14545	1799.47313	1725.33079	-1.53342	-8.4753	134.73753	0.47593
1141.8273	1828.16706	1714.3889	-1.28188	-8.49214	135.61925	0.41609
1102.61494	1857.30163	1704.06679	-0.98448	-8.17702	136.78905	0.47682
1060.52494	1888.0426	1695.83196	-1.53242	-8.89684	138.27548	0.40533
1018.28334	1917.16533	1686.4332	-2.21574	-9.86127	138.52792	0.55584
977.07067	1942.88152	1679.35359	-2.52241	-10.39827	139.29265	0.4396
936.32866	1964.86453	1672.77226	-2.84687	-10.9532	141.03551	0.37369
894.7603	1984.63657	1667.14238	-3.31753	-11.81221	143.25963	0.37743
853.26181	2002.98934	1661.68601	-3.73916	-13.02632	146.01566	0.30524
813.69728	2021.37167	1658.91122	-3.8699	-13.65257	149.05975	0.32766
779.21201	2038.60806	1658.836	-2.63437	-12.80288	152.06006	0.26005
746.35494	2055.44252	1659.04654	-1.01039	-12.03437	154.59497	0.3176
713.26462	2071.50346	1660.62336	-0.17104	-11.87613	157.61201	0.37006
683.60478	2081.49524	1662.49348	1.02734	-11.71914	159.99683	0.4016
657.29369	2086.81277	1665.99614	2.12987	-11.5846	162.34392	0.59532
632.59319	2092.5992	1669.01842	2.81756	-11.55018	164.86949	0.51116
607.70628	2100.83402	1669.05998	2.96777	-11.81944	166.72771	0.4349
581.58752	2109.45671	1666.02897	2.92258	-12.15705	167.42557	0.45499
553.23266	2115.63411	1662.38666	3.52862	-11.88909	167.64915	0.4321
519.68143	2121.05178	1660.5282	3.9051	-11.51409	168.1299	0.56279
483.86496	2125.16668	1658.8149	4.20563	-10.12962	169.65254	0.4127
444.51173	2131.5265	1658.6842	3.92302	-9.46019	171.66319	0.37726
406.32595	2141.45254	1659.29127	3.62507	-8.70672	173.27872	1.06584
366.6312	2154.66039	1658.89893	3.35645	-8.95901	173.33925	0.61493
324.87289	2166.82689	1658.48346	3.82104	-9.33574	173.00719	0.39732
281.76819	2181.33742	1656.02799	3.6395	-10.23267	173.77081	0.51748
239.21891	2198.89459	1650.20603	3.40722	-10.48582	175.7533	0.53935
200.89132	2215.90976	1644.09049	3.89741	-8.75023	176.7486	0.44983
164.38011	2230.64029	1641.37331	4.77772	-6.99508	177.18547	0.41585
126.05134	2241.15578	1640.98206	5.39986	-6.95216	178.77657	0.39551
89.70013	2246.49851	1640.52774	5.83842	-6.48631	-179.08427	0.52279
52.72786	2247.50517	1641.59538	6.17343	-6.52763	-177.53833	0.51213
13.84804	2245.09585	1643.81396	6.22746	-6.59534	-175.57562	0.51451
-26.15631	2239.93098	1644.01852	6.12737	-7.12055	-173.64937	0.47091
-67.71822	2230.4739	1643.51047	6.41362	-7.0728	-173.18404	0.45082
-112.03587	2218.2761	1643.92296	6.64587	-6.86705	-173.06548	0.46112
-158.38186	2205.9379	1644.5438	6.76796	-6.32037	-172.43777	0.43812
-206.89933	2193.93753	1646.91411	7.05316	-5.93658	-172.32518	0.24021
-256.09053	2182.69995	1653.44128	7.60868	-6.50882	-173.02075	0.23322
-302.08825	2175.55255	1661.07532	7.52673	-7.09209	-172.33127	0.21486
-346.27071	2171.05649	1667.69532	7.77123	-7.58719	-171.86639	0.27003
-389.38038	2169.61099	1671.47293	7.54586	-7.62073	-171.46034	0.23196
-435.64855	2169.89297	1673.85647	7.58336	-7.63679	-169.48792	0.61771
-485.91016	2169.77561	1678.21848	7.95083	-7.62683	-167.72572	0.29609
-533.47993	2165.20533	1685.19227	9.14158	-6.37358	-166.58008	0.31278
-576.09656	2166.34858	1689.81963	9.18645	-5.5695	-163.71982	0.35255
-612.87686	2163.37368	1691.81358	9.63543	-4.31125	-163.03529	0.3642
-646.79777	2156.23386	1694.61468	10.01593	-2.754	-162.93059	0.3072
-682.73541	2148.29216	1694.98629	9.91778	-2.1857	-162.27415	0.34502
-723.53948	2135.76547	1690.34494	10.2442	-2.55232	-160.72374	0.45641
-766.99462	2119.7967	1689.06278	10.27061	-2.55327	-159.66888	0.85714
-809.36762	2104.97499	1690.70535	10.17647	-2.20809	-159.62564	1.0606
-849.16998	2092.05145	1691.22736	9.75629	-2.26373	-159.62994	1.0881
-881.78302	2079.14662	1687.99837	8.86849	-1.35942	-159.28621	1.18888
-914.07192	2065.0631	1681.69934	8.48619	-1.51989	-157.71899	1.27655
-950.10992	2050.24163	1673.78695	8.45795	-1.91197	-155.1606	1.35403
-993.89777	2031.8904	1664.60262	9.33208	-2.55538	-153.87814	1.00106
-1041.44192	2011.47672	1654.83352	10.29093	-3.39565	-151.53526	0.6386
-1087.97962	1987.18313	1644.28524	11.71215	-3.70886	-148.97626	0.44578
-1132.02078	1958.81921	1637.39617	13.12784	-4.45842	-147.05519	0.70172
-1168.62924	1929.78702	1631.67354	13.7115	-4.37335	-143.65004	0.44173
-1197.69605	1898.71272	1624.85659	13.55585	-4.28965	-139.30209	0.48229
-1221.94145	1860.75105	1620.95359	13.62308	-4.37003	-135.3642	0.43987
-1240.61617	1815.9848	1618.87169	13.91493	-4.50204	-131.87668	0.49387
-1252.22531	1769.16724	1618.47928	13.53942	-3.62181	-129.54314	0.38795
-1259.78334	1723.87281	1619.8204	12.40507	-2.35873	-127.30553	0.41292
-1267.92842	1678.57971	1621.78979	12.428	-2.01471	-124.82166	0.47582
-1275.67465	1636.81176	1622.89721	12.49085	-1.56687	-123.22408	0.52579
-1285.5755	1599.56357	1627.06515	12.45685	-1.5762	-121.13413	0.58283
-1296.60366	1565.56836	1631.63673	12.76257	-1.39697	-119.38276	0.75824
-1309.34038	1534.81388	1634.0174	12.81412	-1.22784	-117.56982	0.67535
-1325.66037	1506.22331	1634.31168	12.2342	-0.7844	-115.98664	0.82795
-1344.17689	1474.39356	1635.62424	11.81828	-0.09745	-113.94367	0.65184
-1363.54084	1441.76178	1637.83147	10.99024	1.23463	-111.90628	0.81087
-1380.83979	1408.0084	1642.72655	10.81145	2.63716	-110.7627	0.74174
-1393.41637	1378.24686	1646.83887	10.30501	3.5348	-108.92949	0.47351
-1402.48854	1348.8569	1647.92948	10.47008	3.97537	-105.96704	0.56417
-1407.19561	1318.47472	1645.41173	10.45236	4.09081	-103.8722	0.44126
-1404.51914	1285.47477	1642.39232	10.93259	4.21014	-101.67542	0.64915
-1396.64405	1251.67028	1639.05458	10.98096	4.66709	-99.42733	0.57629
-1387.26062	1215.01502	1637.33344	10.72565	5.10996	-97.87575	0.58228
-1377.55231	1173.78187	1637.31013	10.28117	5.40194	-96.19596	0.57467
-1367.47373	1130.51667	1637.71428	9.25591	5.29127	-94.5811	0.53381
-1357.02374	1087.01979	1637.29291	8.63745	4.91505	-92.75917	0.55434
-1346.60237	1046.89805	1636.64263	7.97547	4.78225	-91.56161	0.55059
-1338.40395	1006.91073	1636.11835	7.75337	4.97282	-90.59721	0.62303
-1333.3211	962.64354	1635.08779	8.63798	5.12309	-89.69415	0.58531
-1330.1942	913.54158	1634.59603	9.60674	5.26431	-88.71979	0.55174
-1329.42983	863.25722	1633.0291	9.88558	5.4445	-87.17728	0.55914
-1330.21313	810.42751	1630.83254	9.67933	6.02815	-85.96449	0.52701
-1333.21571	755.17372	1627.69428	9.06727	6.97543	-84.61494	0.35068
-1337.11133	698.09296	1625.4026	8.89819	8.26257	-83.72178	0.40253
-1339.9697	640.45464	1625.57117	9.69259	8.99332	-82.60421	0.38558
-1340.75301	588.04686	1626.17743	9.95567	9.43372	-81.37659	0.27903
-1339.35143	539.48795	1626.18351	9.78498	9.74899	-79.98335	0.27687
-1336.14178	492.31606	1623.53582	9.88824	9.57037	-78.4739	0.28009
-1329.28076	441.2502	1619.1622	10.59543	9.92075	-77.95802	0.28168
-1318.48637	387.47467	1616.9674	10.07741	10.41883	-78.11591	0.28194
-1309.1608	337.3681	1615.93666	8.81703	9.93728	-76.75772	0.2883
-1301.31534	291.70925	1618.40321	7.78491	9.59025	-76.12852	0.28462
-1292.48882	247.04022	1623.61824	7.89054	9.45004	-75.93236	0.23156
-1283.62249	202.05755	1628.73312	9.11357	9.6293	-75.03168	0.19067
-1274.33364	159.63842	1631.87177	10.62284	10.13144	-74.89071	0.22918
-1266.72656	124.67726	1633.81355	10.47495	10.50587	-74.20524	0.22565
-1263.68571	93.88081	1636.2207	9.03661	10.08211	-72.06444	0.21292
-1262.27377	61.17679	1637.77458	7.55573	9.80885	-69.81033	0.2428
-1261.89932	23.89602	1635.93302	6.14046	9.5606	-67.52306	0.19651
-1258.78057	-19.70448	1631.9971	6.10858	10.23018	-65.73158	0.19473
-1251.02434	-63.76448	1629.22886	7.1245	11.31677	-64.0214	0.15677
-1242.44035	-99.82945	1625.7736	6.02736	11.69113	-62.77254	0.20452
-1233.54313	-132.61765	1623.09012	5.07216	11.23711	-60.88594	0.23258
-1221.22642	-165.68689	1620.15212	4.77597	10.95398	-58.89437	0.17183
-1204.80896	-200.44981	1617.04285	4.76094	10.79763	-56.95675	0.19873
-1185.98378	-235.64539	1614.99264	4.14726	10.38722	-55.44526	0.20741
-1163.56508	-272.95047	1614.60737	3.19337	10.0459	-54.55275	0.21612
-1140.87508	-313.55905	1615.29284	3.08743	9.69898	-52.80029	0.31641
-1117.34529	-358.25332	1618.67162	3.47561	10.19209	-53.01889	0.44754
-1094.90044	-403.63489	1622.52665	4.35802	10.89242	-53.31794	0.7153
-1075.18784	-447.69259	1625.69393	4.98445	11.05351	-52.60769	0.75882
-1056.41675	-492.89497	1626.26967	5.48496	11.56065	-52.15145	0.8056
-1038.10474	-541.48976	1623.30641	5.84172	11.64335	-50.95169	0.7346
-1018.95255	-589.4059	1618.67172	5.00501	11.51497	-49.18055	0.81892
-995.8281	-636.83291	1617.32807	4.41498	11.95018	-47.3726	0.6476
-968.85067	-682.31778	1615.64132	5.18617	13.36345	-44.98245	0.5597
-942.36337	-719.14061	1611.70249	4.86094	14.28244	-43.5667	0.54065
-914.84195	-752.05239	1608.54208	4.28948	14.93756	-42.3301	0.62063
-883.84357	-783.65586	1603.86569	4.65613	15.72446	-40.94569	0.53699
-848.66764	-809.63884	1595.93938	4.18346	16.49911	-40.21599	0.54513
-810.07712	-831.63736	1589.58513	3.49309	16.55785	-39.09245	0.58488
-770.72972	-851.87791	1586.3601	2.25341	15.34403	-37.09358	0.54314
-728.14936	-874.1662	1586.6299	2.08483	15.31256	-34.97813	0.35767
-688.09913	-895.1829	1584.44939	1.94609	15.17104	-33.32652	0.27219
-648.4846	-913.81045	1580.23979	1.3595	15.24639	-31.82599	0.32649
-607.54604	-934.24245	1575.96833	1.33883	16.06351	-30.13673	0.20027
-565.74326	-958.1643	1571.95853	1.33734	16.79407	-27.80882	0.38436
-523.71397	-983.49274	1567.73924	0.83793	16.94157	-25.48954	0.42947
-480.1219	-1006.30764	1560.87568	-0.92607	16.87436	-23.17768	0.20519
-437.30892	-1025.51849	1552.06491	-3.38792	16.24463	-20.83511	0.19605
-395.27101	-1041.92942	1543.01272	-5.006	15.54905	-18.10423	0.21245
-348.70156	-1054.10654	1536.20929	-6.34848	15.33702	-14.71327	0.20411
-294.88181	-1063.74941	1531.62353	-6.87667	15.85039	-10.67253	0.25437
-238.26624	-1071.80852	1527.25735	-6.99083	16.17686	-7.60009	0.23479
-181.48243	-1075.79944	1525.28264	-7.18552	16.11	-5.27321	0.27231
-126.70711	-1076.02853	1526.43682	-7.73715	14.44236	-3.19887	0.29098
-74.23685	-1075.11422	1530.06527	-7.76776	12.19865	-0.64954	0.32859
-21.83167	-1075.67715	1535.86878	-7.84555	11.44332	1.41847	0.22835
27.17817	-1075.17105	1539.66618	-7.81808	10.72152	2.66308	0.2524
76.54077	-1075.76437	1541.53672	-7.6596	11.00274	4.71314	0.22364
124.71528	-1074.23147	1540.48615	-7.67838	11.00558	6.98308	0.23954
170.75444	-1069.45443	1538.03206	-8.00229	10.83279	9.22352	0.31331
212.03826	-1062.4381	1536.02382	-8.45113	9.07122	11.99724	0.36251
251.37406	-1054.80582	1533.19598	-9.1437	6.71338	15.09996	0.3439
295.2154	-1046.33675	1534.60099	-9.85869	6.01827	17.75212	0.25973
340.90333	-1032.7905	1538.83763	-10.70193	6.52582	20.43135	0.34752
382.57431	-1012.02762	1540.81224	-11.7811	7.06589	23.15914	0.26355
416.13865	-990.33738	1539.86776	-12.15879	6.63011	26.3289	0.25566
449.12668	-967.13262	1536.0044	-12.12326	5.98548	29.734	0.2595
488.78214	-937.57134	1529.75525	-12.71711	6.30624	31.59244	0.21444
530.98044	-902.34944	1525.5146	-13.32353	6.14513	32.9747	0.20253
571.02346	-863.904	1522.71456	-13.38375	5.18841	34.20716	0.26738
610.47295	-822.09428	1521.25911	-13.87677	4.9182	35.57371	0.22005
647.72808	-780.00005	1519.60226	-14.53323	4.95064	37.68011	0.25935
679.7658	-739.93428	1516.2455	-14.49957	4.01108	40.04504	0.21763
709.11197	-699.67092	1507.07007	-14.97082	3.43967	42.39355	0.19402
735.51333	-661.0684	1493.45887	-15.04566	2.38018	44.61007	0.20194
761.51035	-625.53992	1479.66657	-14.15941	0.64242	47.58253	0.21023
790.05216	-590.467	1463.83076	-13.19496	-0.88901	51.18655	0.22522
820.50603	-551.68362	1451.75022	-12.59254	-2.07995	54.38967	0.22972
847.07329	-509.85953	1444.15554	-12.89699	-2.63529	56.88678	0.29205
863.76749	-472.44374	1436.21119	-11.93101	-3.79792	59.72011	0.45038
877.71535	-432.45912	1430.89942	-11.54328	-3.49624	63.42462	0.25904
891.21989	-388.15026	1428.12732	-11.62446	-2.95496	66.97123	0.2094
902.36332	-337.68989	1427.2614	-12.20629	-2.6935	68.42161	0.25393
907.36398	-284.87845	1425.04086	-11.78001	-3.41108	69.21428	0.47862
909.41534	-230.00685	1424.64181	-11.25572	-3.63007	71.4004	0.33128
909.9389	-172.40163	1425.99619	-10.9392	-4.06917	73.87789	0.30469
911.08112	-118.21611	1427.4307	-10.98834	-3.94063	75.63996	0.28017
912.18711	-68.54174	1430.88755	-11.77704	-3.70783	77.68133	0.33895
909.07313	-25.61903	1431.06471	-11.46926	-4.17735	79.3131	0.28697
902.69786	18.26114	1426.66787	-11.28228	-4.70653	82.01702	0.31441
893.94754	65.38856	1420.96561	-11.24044	-5.45479	84.9866	0.35147
886.43426	111.72141	1417.35191	-10.34065	-6.09093	88.32599	0.21304
885.4708	153.50901	1414.11093	-8.07149	-6.41225	91.9208	0.28001
890.3445	196.97091	1416.74427	-6.63403	-6.5901	94.59126	0.31444
895.56305	248.3699	1426.74898	-6.90022	-6.99848	96.60072	0.29833
895.03217	299.32877	1433.23144	-7.6778	-7.5975	97.63368	0.19873
889.8617	343.68541	1434.09469	-7.60858	-8.01027	99.67469	0.55016
881.33999	384.53767	1427.00663	-7.62517	-7.96726	101.8166	0.62093
865.71621	426.38564	1415.5778	-8.11635	-8.22121	103.97729	0.50202
842.2628	467.41786	1403.65534	-7.37144	-8.54522	106.20461	0.26211
815.25035	510.49069	1391.8257	-6.16076	-8.64234	108.48424	0.31616
786.47588	559.79244	1383.66515	-6.00568	-8.39682	112.08149	0.38408
755.88121	608.38901	1380.20885	-6.26206	-8.43924	114.92738	0.40311
721.16715	649.19205	1378.23144	-6.40885	-9.70278	116.3672	0.20406
686.98455	686.92559	1381.84624	-7.05557	-10.96775	118.17815	0.23044
655.63052	719.64004	1390.03757	-6.79464	-11.7586	120.03268	0.24508
626.52747	749.16074	1398.46763	-6.31586	-11.99102	121.91661	0.21705
598.33831	780.35395	1401.27204	-5.71402	-12.23125	124.34361	0.13755
572.68025	812.84168	1394.74652	-4.29596	-11.51407	127.26219	0.20605
548.17992	846.03923	1380.2602	-2.41441	-10.82825	130.39381	0.25925
521.42981	882.87286	1369.84993	-1.14638	-10.80896	132.81296	0.38784
493.32761	921.47958	1368.67107	-0.74794	-11.61654	134.81537	0.29815
465.87793	957.97418	1377.17577	-1.30696	-12.07664	136.99904	0.23368
439.27711	986.10591	1390.93874	-1.39265	-12.05597	139.16559	0.13885
411.58038	1003.95799	1400.25003	-0.94697	-11.90693	141.14362	0.13505
375.74654	1015.88875	1398.92123	-0.71161	-12.50144	143.25867	0.16988
335.43791	1021.86956	1386.15573	-0.08376	-12.90461	145.4953	0.21633
293.4733	1025.25221	1372.14373	0.78975	-12.25718	148.09218	0.16756
245.16354	1029.00116	1361.79112	1.63216	-11.4226	150.41216	0.20091
189.63386	1031.81281	1355.44001	2.44135	-10.75923	152.91124	0.2135
128.8767	1035.34174	1359.87605	2.91175	-10.89222	154.93883	0.2275
71.10442	1036.98863	1371.58336	3.41657	-11.31848	156.68488	0.21265
19.79468	1036.12344	1382.48452	3.67101	-11.33396	159.21553	0.31175
-27.9194	1034.63097	1384.21945	3.57197	-11.79734	162.19826	0.28607
-74.24956	1033.51694	1373.77815	3.58812	-12.98428	165.08658	0.36927
-121.96854	1032.15447	1356.63244	3.51231	-14.80344	167.98627	0.43995
-170.92178	1030.03661	1341.04697	3.47415	-16.06012	170.86922	0.35821
-216.69235	1028.19245	1328.74789	3.90492	-15.86888	174.5237	0.36928
-262.05625	1025.59313	1321.948	5.07959	-14.84328	177.49524	0.35304
-311.20965	1021.9273	1325.10457	6.22656	-13.97725	-179.70572	0.43375
-357.1001	1017.31981	1333.35213	7.40848	-12.16514	-177.08986	0.38161
-399.4278	1009.44951	1340.90463	8.26415	-11.20741	-174.99101	0.33282
-440.46935	998.74866	1345.09399	8.47626	-11.3548	-172.64194	0.25218
-482.16878	985.17333	1348.44782	8.25396	-11.82488	-169.64323	0.19559
-521.77237	966.45638	1348.02468	8.20043	-11.74093	-167.26022	0.20328
-560.97242	940.66016	1346.80171	8.51975	-10.69804	-164.95721	0.252
-602.84626	910.32494	1345.90013	8.90653	-9.14829	-163.45084	0.3278
-647.06294	877.54151	1348.7608	9.0127	-7.77057	-161.85152	0.39399
-693.98123	845.80732	1356.31256	9.1579	-7.68467	-158.83171	0.43658
-737.15557	816.75006	1360.73672	9.82939	-8.18644	-156.39468	0.42842
-777.76892	791.50829	1365.78106	10.91235	-9.27315	-154.79559	0.25526
-815.12308	770.12727	1370.01014	12.00956	-10.01459	-152.96059	0.32855
-850.60945	751.69083	1370.21863	12.48927	-9.79216	-151.60258	0.21224
-887.8166	734.67895	1366.87151	12.0124	-9.02122	-149.02168	0.33511
-925.62907	716.53695	1360.62588	11.78683	-7.71845	-146.62769	0.64611
-958.92478	694.06939	1354.94463	12.25438	-5.4382	-145.42383	0.25092
-992.32803	665.11155	1353.41504	12.9334	-4.30341	-142.87694	0.19811
-1025.67144	632.10536	1350.65439	13.81775	-4.41055	-138.92023	0.2495
-1053.36876	593.80926	1346.04944	15.04824	-4.88636	-135.70113	0.19281
-1069.9249	556.21136	1339.18573	15.5587	-4.34891	-132.43979	0.30807
-1078.1761	520.08227	1331.34839	15.50204	-3.29968	-129.55489	0.20244
-1084.93331	480.74159	1324.34149	15.73715	-2.52784	-126.78278	0.18322
-1092.11121	433.96802	1318.28923	15.75769	-2.00405	-123.89767	0.19402
-1097.46701	380.59881	1311.02558	15.58721	-1.04153	-121.07173	0.23707
-1102.87932	321.93996	1305.13995	16.07788	-0.41152	-118.01408	0.27472
-1108.95116	262.49648	1306.9082	16.93585	-0.37599	-115.45296	0.21684
-1111.03354	210.29851	1313.58203	17.47344	0.08289	-112.94131	0.26552
-1110.26299	164.28705	1318.14532	17.80997	0.83756	-111.05231	0.2676
-1107.79809	118.16163	1319.17259	18.96391	1.44989	-109.18869	0.28121
-1101.55483	74.70971	1316.06152	19.66292	2.51765	-107.37186	0.27795
-1093.72502	34.67282	1312.16975	19.17359	3.54673	-104.64445	0.24545
-1085.64303	-4.32172	1308.55994	18.50062	4.27772	-101.86449	0.29161
-1073.96635	-39.83995	1301.37323	17.41776	5.42117	-98.45273	0.22002
-1061.76909	-78.8077	1298.23052	17.77865	6.06367	-94.98475	0.44536
-1048.77424	-117.15691	1300.28399	17.67742	7.14261	-92.0761	0.24851
-1031.54986	-149.69858	1304.47086	16.30868	8.65894	-89.67263	0.29288
-1011.76839	-180.8449	1312.36723	15.56626	9.71179	-86.7244	0.32593
-989.07825	-209.19237	1322.64443	14.16165	10.43472	-83.44786	0.24045
-963.78412	-238.60812	1333.59829	13.14952	10.50047	-79.96964	0.29309
-933.8129	-274.65044	1342.06924	12.66642	10.58053	-76.68005	0.30654
-896.68905	-315.85721	1344.61039	11.88083	10.63026	-73.80492	0.24117
-856.7417	-355.22823	1342.17114	10.33231	10.1832	-70.30206	0.29724
-817.56403	-393.96684	1340.84483	9.20451	9.90001	-66.48985	0.2923
-778.11706	-434.3971	1341.7381	8.92298	10.77113	-64.55736	0.33254
-742.07839	-474.58689	1343.56666	9.39407	11.95685	-62.24621	0.3368
-710.41801	-510.51913	1343.629	9.16758	13.15901	-60.7604	0.44444
-682.03094	-543.38104	1341.05435	8.63023	14.32901	-59.27776	0.40856
-656.41681	-578.71274	1338.28939	8.14593	14.79479	-56.03136	0.41989
-631.25767	-616.12006	1335.37049	7.11154	15.2514	-52.97765	0.47175
-603.59363	-650.61024	1332.15381	4.58879	16.16895	-50.77214	0.3156
-569.98834	-682.76861	1331.144	2.88693	17.05182	-47.89111	0.31796
-531.6518	-706.30511	1325.22745	1.73056	17.9729	-44.25506	0.19142
-487.17148	-720.64904	1319.60213	0.77368	18.1776	-39.57714	0.14754
-438.93782	-729.6418	1316.54928	-0.02097	17.78504	-34.43547	0.15099
-386.46027	-736.05974	1312.9382	-1.09098	17.33751	-30.35588	0.15341
-328.46134	-740.31004	1305.0289	-2.63383	16.92077	-26.78963	0.17933
-268.21703	-739.79484	1294.62482	-4.03758	16.77914	-23.75294	0.18438
-207.41706	-735.99702	1286.93536	-4.9146	17.19285	-20.78955	0.15154
-151.08343	-729.94159	1279.09813	-4.92841	17.72205	-17.02081	0.17953
-97.33958	-722.49265	1274.1451	-5.22696	19.54267	-14.08534	0.19585
-50.90311	-711.55979	1274.28209	-6.23804	20.38811	-11.56801	0.17385
-12.74586	-695.80705	1274.07562	-7.99504	19.75424	-8.53755	0.23201
16.5745	-681.34434	1275.64986	-8.71784	17.32471	-5.24388	0.29009
44.25458	-669.76624	1281.35351	-8.74468	14.5739	-1.56067	0.31342
76.57774	-658.29476	1287.8732	-9.03341	11.60024	3.074	0.25495
107.41709	-644.64892	1287.07177	-9.62229	7.94824	7.03356	0.26838
140.94419	-631.02399	1286.38028	-9.94989	5.23593	10.93194	0.27576
177.0118	-616.38783	1288.33547	-10.44263	4.20783	15.33779	0.17078
207.3092	-598.28929	1291.65891	-10.71936	2.48012	17.60044	0.20416
233.68326	-579.40977	1299.41464	-10.34466	1.00094	20.84657	0.35416
258.71702	-559.26388	1305.51638	-9.43547	-0.40783	24.30196	0.16452
287.34817	-533.38655	1307.86597	-9.034	-1.44138	27.30261	0.21919
322.60616	-500.66462	1306.68184	-9.09317	-1.16275	30.53344	0.2243
359.03163	-465.22734	1301.59962	-8.79239	-1.43327	34.03646	0.21391
397.74319	-425.18145	1301.35295	-8.87941	-1.82053	38.02629	0.24701
431.00636	-384.7396	1302.39937	-9.24694	-1.81747	41.83423	0.22968
450.49275	-350.17518	1295.78892	-8.51932	-3.28055	45.07117	0.29233
469.92306	-317.30186	1290.371	-9.38091	-3.60306	48.69043	0.30611
492.36704	-282.35365	1286.84542	-11.46474	-3.85094	50.66017	0.27568
515.8854	-248.28121	1282.07495	-12.28193	-4.56316	53.12747	0.44636
540.10786	-218.47172	1269.22423	-11.83284	-5.44859	57.51075	0.29019
558.44121	-182.95418	1255.21126	-12.24639	-6.29986	61.23199	0.30715
569.40885	-141.08978	1247.33349	-12.81074	-7.17081	65.84035	0.42277
570.82101	-98.18437	1241.25615	-13.64514	-8.49013	70.27715	0.30813
564.1698	-56.9848	1241.25701	-13.49217	-9.43517	74.6161	0.39502
550.52358	-16.4869	1243.68489	-12.91174	-10.1159	79.73405	0.31021
530.66855	23.75148	1241.56148	-10.959	-11.14205	84.39468	0.27232
505.09987	68.24259	1237.97937	-9.28422	-12.03329	88.59156	0.47234
477.24895	114.73329	1236.0716	-7.54316	-12.51533	93.16309	0.43362
446.79518	163.9215	1239.09939	-6.38281	-13.12822	96.67809	0.26743
415.35605	211.91065	1246.80316	-6.74741	-13.88942	100.23164	0.45812
385.35333	249.25929	1253.69449	-5.47373	-13.97717	104.23576	0.25589
353.28947	279.08961	1258.46931	-3.76959	-14.77039	107.90495	0.33293
324.51199	307.56794	1260.77978	-1.95611	-14.49419	112.20009	0.39333
303.76427	339.40482	1261.15496	-0.83067	-13.20229	117.13967	0.19654
289.28543	375.01261	1260.40446	-0.0746	-11.61826	122.19468	0.25566
278.26568	408.66679	1256.80318	1.51604	-10.79516	125.59086	0.34654
260.37096	438.62787	1260.04982	2.76005	-11.29663	127.65456	0.48684
239.65983	462.41796	1265.6756	4.06418	-11.31264	130.78603	0.25129
213.6831	481.68994	1272.4602	4.28792	-11.29187	134.23605	0.26828
179.24915	495.53321	1278.08832	3.85648	-11.58143	137.73407	0.22032
142.74184	498.06581	1275.15648	4.75679	-10.60989	141.61981	0.31818
101.01999	494.54091	1269.73909	6.20595	-9.68006	146.10521	0.17544
51.07883	495.58314	1265.82255	6.79249	-8.95866	150.1974	0.19115
-4.4217	500.85095	1261.08827	6.61784	-8.17556	154.47369	0.21871
-64.82537	509.08084	1261.93648	6.40365	-7.71247	158.24504	0.20965
-128.62649	515.71588	1266.6321	6.43645	-8.22877	161.14821	0.21311
-183.89052	520.17388	1271.9862	6.25321	-8.42894	164.85098	0.21445
-223.17043	522.42446	1276.62296	6.5072	-7.3492	168.38913	0.26598
-254.1069	520.35008	1277.99836	7.564	-6.13466	170.99544	0.23898
-287.19953	519.08656	1278.06909	8.62372	-5.52269	174.08482	0.4237
-329.23562	523.78922	1277.5821	8.87761	-5.6675	177.92459	0.247
-374.05704	533.84349	1270.62223	8.73017	-5.89484	-178.34138	0.41571
-418.65764	541.72644	1259.33547	9.41146	-6.3121	-175.23813	0.51327
-464.40304	540.83712	1255.15631	10.79838	-7.02923	-171.88983	0.34172
-504.25183	530.14737	1254.22912	11.72871	-7.24434	-168.04239	0.30864
-536.48885	507.99933	1255.16136	12.46555	-6.84207	-163.67625	0.25916
-563.05413	479.46923	1256.36343	12.72012	-6.26924	-159.25008	0.20584
-586.96138	446.02749	1256.30633	13.14198	-5.5801	-154.86203	0.26833
-610.25844	405.6138	1256.54925	13.54977	-4.52979	-150.73126	0.21273
-631.41122	356.96602	1257.29348	14.27376	-2.61037	-146.99779	0.18277
-650.13112	313.50758	1259.23137	12.7232	-0.57839	-142.40178	0.20725
-669.85414	273.97615	1264.68897	11.35385	0.56065	-137.94893	0.16962
-679.84966	231.93988	1267.63722	10.91733	2.27911	-134.43867	0.18894
-680.41738	190.97188	1264.55206	10.42179	4.24676	-129.76927	0.19378
-678.56873	150.60137	1259.66553	10.26048	5.73674	-124.41042	0.22055
-676.83279	109.98532	1256.40671	9.75234	7.19285	-118.31673	0.20079
-674.35068	73.42578	1251.02638	8.96534	8.82415	-111.89958	0.30076
-668.82739	42.64714	1243.06648	7.25594	10.43087	-104.81217	0.3374
-656.40505	9.11246	1239.31509	7.24835	11.17049	-98.249	0.20339
-635.4705	-16.77863	1235.56163	6.60999	11.91895	-91.6314	0.2415
-609.80482	-33.21634	1233.07196	4.96448	12.01663	-85.27692	0.20679
-579.27215	-48.68785	1230.47356	3.73243	12.01291	-79.11001	0.31051
-538.92503	-67.69845	1228.44234	2.83065	12.40351	-73.03462	0.34523
-491.64053	-85.12534	1227.18201	1.14089	12.86263	-66.98225	0.34664
-444.53145	-95.74853	1222.8445	-1.35758	12.16776	-60.68723	0.39632
-401.00432	-106.83877	1220.84387	-3.07117	10.63906	-54.41266	0.42486
-355.20749	-120.21324	1220.84794	-3.50754	10.71564	-49.65778	0.20261
-310.67027	-128.67251	1216.47176	-4.20262	10.83295	-45.44211	0.30167
-270.27099	-129.60397	1211.9934	-5.4268	10.52071	-40.62555	0.12457
-235.81965	-123.6512	1208.68443	-7.23035	9.32362	-36.05701	0.27696
-205.30608	-118.3559	1207.57321	-8.15074	7.99725	-30.82241	0.15328
-175.48948	-117.51843	1209.96626	-8.44657	7.08615	-25.44533	0.11273
-148.60086	-118.49719	1210.5813	-8.35389	6.50389	-20.16255	0.21063
-121.36637	-118.18696	1212.27331	-8.32033	6.84943	-15.28993	0.23401
-96.26342	-112.74504	1214.28153	-8.81618	6.91011	-10.69144	0.24385
-79.24937	-101.42243	1212.02159	-9.13967	5.7173	-6.057	0.19916
-65.52426	-88.49281	1209.02563	-8.67633	4.19885	-1.6146	0.17093
-54.21461	-73.4775	1199.41409	-8.36944	2.93553	1.56232	0.27317
-43.21667	-57.74797	1179.68247	-8.48702	2.97703	3.76119	0.23047
-30.48447	-46.4344	1155.60627	-8.03736	3.80973	5.96782	0.23152
-16.33712	-36.73756	1129.77185	-8.01449	5.78739	8.18894	0.23029
-8.63122	-23.86747	1094.59354	-8.98192	6.22225	9.79395	0.24785
-6.08328	-10.76079	1051.06154	-10.05291	6.00895	10.43614	0.2422
-7.06932	3.03289	1005.71226	-11.39831	6.55986	10.53814	0.23524
-5.31824	13.12279	964.89464	-11.51269	7.40255	11.33245	0.3266
-2.14477	20.39257	934.28503	-11.24934	7.68631	11.53613	0.21228
-14.41887	28.66674	908.32776	-11.40353	4.51766	9.41346	0.23906
-34.25644	40.62985	889.46927	-12.25645	2.17838	7.36375	0.2241
-47.21174	49.17099	875.26848	-11.6583	1.67467	5.76626	0.2895
-42.43044	50.2449	860.74428	-10.26836	5.15332	5.57605	0.30771
-30.02636	46.75183	849.56032	-9.48947	7.83446	4.3138	0.33489
-27.28008	39.33008	849.54348	-8.11168	7.11952	2.94233	0.16427
-32.44971	32.94396	854.14906	-6.99539	4.83022	2.38167	0.17618
-35.54974	33.4691	854.00892	-7.11298	4.8304	1.06075	0.17071
-33.48095	38.09679	846.32144	-7.93943	4.97679	-1.04384	0.2909
-24.12668	36.97388	826.24097	-7.81574	6.90171	0.87956	0.3422
-14.60355	29.51882	795.61995	-6.088	7.67073	4.9579	0.47808
-15.31268	20.95046	753.88921	-4.30095	6.96418	8.32923	0.36506
-21.30944	9.82518	709.83094	-3.62275	6.15961	9.44437	0.33389
-28.11811	1.64038	666.12305	-4.1451	5.60555	7.07463	0.26415
-29.13027	3.46942	618.86711	-6.60258	6.26395	5.87749	0.18075
-24.30342	9.86722	572.49395	-8.0004	6.92315	5.31501	0.28907
-16.09533	10.94562	536.32665	-7.2353	6.90116	6.23747	0.17935
-9.68887	10.57797	503.7425	-5.86529	6.12896	6.30039	0.26632
-1.8533	13.30263	472.33789	-5.28102	5.6238	5.95489	0.30614
17.00358	6.38193	452.88571	-3.85318	7.4944	4.71927	0.35928
36.07603	-8.66137	433.48039	-1.20251	9.0106	5.43642	0.292
51.48186	-17.41101	400.59829	-0.48776	10.88434	5.42849	0.28235
61.69833	-25.72377	367.59807	0.53406	12.38431	5.16895	0.288
64.99071	-37.20576	349.8296	2.27067	12.41897	5.268	0.27385
61.50996	-43.94981	341.14183	3.08956	11.05462	5.46619	0.2727
57.74326	-44.4888	334.89596	2.49835	10.02524	6.06402	0.27559
56.10027	-38.37522	332.16422	2.06123	9.50876	5.88084	0.2376
54.70151	-25.77818	327.69089	0.86701	8.6894	5.60479	0.28492
53.11831	-11.72091	322.01512	-0.87777	8.08423	4.92192	0.28963
47.0106	-6.14895	319.90101	-1.18573	6.57018	4.869	0.2656
44.1862	-6.54635	318.50365	-1.34899	6.17018	5.35252	0.27937
37.15644	-7.28651	316.25918	-1.14377	4.85386	5.22085	0.25031
28.72837	-9.88117	313.55994	-0.72743	3.21135	4.9881	0.22505
23.11012	-10.67893	311.43828	-0.37126	2.10727	4.58394	0.17768
15.55105	-10.94418	309.46997	-0.20953	0.52266	4.46341	0.21372
17.30911	-10.45093	309.29597	-0.31444	0.92816	4.43389	0.22983
16.57502	-10.55285	309.16665	-0.30418	0.75502	4.46954	0.21295
16.90208	-10.69775	309.01628	-0.29978	0.75034	4.62433	0.1934
16.46394	-10.69272	309.00381	-0.29864	0.64942	4.59679	0.19032
15.72046	-10.95475	308.93796	-0.24288	0.51583	4.56863	0.19924
16.69489	-10.8722	308.87422	-0.22587	0.6327	4.74641	0.17359
