4.50266150488594	4.001149029041632	0.2536726536839484	0.00020168958250634618	-0.00019050096023190362	-0.00022931980697042084	0.9999999352215592
4.516404830695391	4.005786731823947	0.280090841907778	-0.00015694101617881202	-0.0005593844396075384	-0.0008939428453834709	0.9999994316622162
4.535424561775632	4.011540285608176	0.3349683130260327	9.405325670793436e-07	0.00044466086563244825	-0.00032152353798379607	0.9999998494492109
4.546658252761109	4.0163106599586635	0.3833843945458947	-0.0006681319517360533	0.0012521356188751167	-0.0017833433426597176	0.9999974027179317
4.556569760010767	4.024672016930386	0.46178799281192784	-0.001933681953878216	-1.2859921895404191e-05	-0.0017165221815379974	0.9999966571245746
4.556575005853752	4.028818689142157	0.535343622712085	-0.001962793646458674	-0.0011658562483957149	-0.003250173311468375	0.9999921122657692
4.553710036163965	4.02991913582591	0.5777511879714423	-0.0013207037312441456	-0.004750820824685976	-0.007399618118028352	0.9999604647659093
4.552498089146608	4.033787390247067	0.6145943790420509	-0.002510749848481218	0.0005638373767625104	-0.006022224027483006	0.9999785552902491
4.558790244588249	4.041810762239274	0.6571053560488808	-0.005988099996901548	-0.0006752048341467506	-0.00643401630524772	0.9999611443406403
4.570198397595157	4.04689909401548	0.6852905353259887	-0.004311661095287863	-0.0006401463186127276	-0.005054706397643385	0.9999777246191656
4.578986052742118	4.0461664062823886	0.6989484683249383	-0.004673007487303054	0.00015850588310771014	-0.004540835624879353	0.9999787591187808
4.595955570728451	4.039285720205598	0.7185144765503563	-0.003178451642514703	0.004279825956810472	-0.005492747556172354	0.9999707047005026
4.611390536385928	4.030284184734192	0.7432276376994068	-0.010272667064796646	0.0005613645164814674	-0.0030577827721568573	0.9999424019141172
4.621603880893787	4.02604348505289	0.7660255232276251	-0.008759337451650534	0.0006794132915089788	-0.003335545274191402	0.9999558422964043
4.634286982519094	4.0232437251977196	0.7955789022866016	-0.007759533650847307	0.0016206257340473451	-0.0036145737708047077	0.9999620483129382
4.651243318357312	4.018136423819757	0.8497181374155104	-0.008588719520732237	-0.005755238493855094	-0.007347238210404988	0.9999195613735901
4.656812122454081	4.016122645240653	0.9089754268449864	-0.005689161285022625	0.003462458511263643	-0.010038624550417973	0.9999274327880332
4.652830314533853	4.018395784928028	0.9489552942971192	-0.007920618010759313	0.0035968863797173553	-0.01291159837400752	0.9998788010784745
4.640704678666535	4.025639917916243	1.0044219388579116	-0.008312527917999128	0.014781559752445423	-0.009813197635994995	0.9998080358364071
4.62746937377787	4.032249896582697	1.05095385154419	-0.0070075863459061185	0.01607110780655322	-0.012390663655903805	0.9997695157793326
4.6203632824117795	4.03343713730211	1.076781669230682	-0.005131078436098322	0.00680632663681604	-0.010912648221321096	0.9999041254343306
4.614586922312095	4.0304545718194085	1.098505459880262	-0.008137846629100838	0.009299939376352578	-0.010847442129579707	0.9998648006501094
4.610617495904253	4.019483185704497	1.1244780517873465	-0.009215771743548935	0.014217441426413345	-0.011655125087579122	0.9997885236236963
4.612696001810973	4.007107261396568	1.1454744940428914	-0.007055990789868254	0.01816469489853836	-0.008430597582602591	0.9997745655284579
4.616245863262786	4.001433600515811	1.15917724165319	-0.003238141547567961	0.018309713922712575	-0.003213215660836777	0.9998219561804509
4.624878862869857	4.000991002950426	1.1830307995280027	-0.007912743186122893	0.021701585629338837	0.00402650417266248	0.999725070677229
4.639550694277093	4.008599024718892	1.2117029571733593	-0.004889660151850751	0.021454577105556077	0.004153644804291743	0.9997492383491278
4.653963943626747	4.015301828765953	1.2319911848838958	-0.0070726401062493685	0.02293470383209824	0.006216362473776459	0.9996926197385155
4.673961092949693	4.021361777505494	1.2524581331067512	-0.01004717492976898	0.02716101619769788	0.003151570085230725	0.9995756104872893
4.710107101895697	4.02583747983662	1.285438695270454	-0.01088318290528606	0.0323180414538811	-0.005457477309004399	0.9994034803160619
4.75507989117799	4.025145166290016	1.3224781486490254	-0.0094822267548453	0.038046730679748654	-0.016235630327453805	0.9990990631404989
4.789787889530742	4.024785293461708	1.3489048801814076	-0.006559003801792805	0.03795669192536333	-0.025440585224402068	0.9989339545889162
4.823221694536688	4.02840574631709	1.3763068140804637	-0.00766617032989899	0.03986179339330033	-0.03460584015072993	0.9985763381371525
4.856116347828116	4.040850162582181	1.4040712029497822	-0.009220283750402377	0.04095981823075245	-0.04949802392013715	0.9978913895239638
4.890269278844795	4.0655901116506366	1.4316683328697002	-0.00911491098180998	0.040216991194174975	-0.06510494291891775	0.997026006894808
4.926174014398603	4.10442773584017	1.4570940598764357	-0.005920197604328729	0.03929406409608031	-0.08037581266143286	0.9959722167440982
4.960855578384876	4.157545692513307	1.478297869335221	-0.004423201073563131	0.040999950308663005	-0.09267843780083258	0.9948417695964253
4.988097027385933	4.222472195838751	1.4946666196230574	-0.006092518234447938	0.04443984749973381	-0.09858547745795572	0.9941171383746233
5.002571518383291	4.295427979339588	1.5053540852249019	-0.005766193143289123	0.04175707070482803	-0.10851156076550769	0.9932010568072407
5.000741761289248	4.37285230393114	1.5107983641654454	-0.0058268504285279065	0.043771455572020314	-0.11704973043852102	0.9921438746953285
4.9830314501630895	4.449829514485405	1.5117105435347418	-0.006190203248961903	0.045584593926677006	-0.12865525340337747	0.9906218006646074
4.9531849066239095	4.520576676473864	1.50984221044023	-0.008892908131656536	0.04971829254503798	-0.13874139404662442	0.9890398541764468
4.918309489853299	4.580847965092575	1.5067634815159718	-0.00739898102383109	0.05289372063987875	-0.1499684081680797	0.9872471757104254
4.8819907221111585	4.628930173396909	1.5021805907517696	-0.007125639626292964	0.05099560754776997	-0.16254235327935254	0.9853571213834912
4.842134034179644	4.666964243969806	1.494761784376639	-0.004928514931178803	0.05351099784851432	-0.17616287005668152	0.9828931407143007
4.794491775003009	4.699031031861557	1.4832763628439134	-0.00503778344222852	0.051064995970961154	-0.18444956556394138	0.9815015765080299
4.736216546422504	4.728683755543508	1.4681830099694986	-0.006178153828825377	0.0550681062564118	-0.1909276591355369	0.9800387558997982
4.666371596570547	4.7550868394714385	1.451449342928108	-0.005363063836943629	0.053453784471688456	-0.2059524516903921	0.9770862388318913
4.587673138719618	4.776787417827072	1.4345800706493343	-0.006244868255171593	0.05656097760730299	-0.21936238702805214	0.9739825463476933
4.510212448878015	4.793112648914316	1.417638179854634	-0.005408043115562327	0.05612494531231793	-0.23129067526165534	0.9712493846177493
4.410082762484943	4.803372961692382	1.398223700847289	-0.004285086737107888	0.05753797309707128	-0.2470209441658478	0.9672908935924854
4.3290234874879445	4.799502037476774	1.3906757679573676	-0.0028183200184928228	0.05424265027620721	-0.2599502419195765	0.9640931820572324
4.255725915767492	4.789184792344591	1.3939504838743368	-0.007274948448988423	0.052815827470351746	-0.26735189218700806	0.9621229283400914
4.184128539719818	4.773133081910006	1.4071756525764216	-0.0068545939687467035	0.05639586245722721	-0.28020569976747955	0.9582574221246847
4.115713929197554	4.7507915245270125	1.4267666776184489	-0.007668430780726664	0.058648786247143925	-0.29571820647869207	0.9534423199114477
4.054129123683387	4.724487156527127	1.447483342757373	-0.0038418070678912573	0.06310114925242542	-0.3128629066812495	0.9476920845424612
3.998943024834007	4.69377106739836	1.466942323578859	-0.0025348418813808202	0.0657460831993911	-0.3223898996395873	0.9443176265065434
3.9502626753820564	4.656007315238577	1.4817714699300857	0.0024886332794966178	0.06490426429430551	-0.33595357290990546	0.9396363339238664
3.903309614167636	4.608448245890699	1.4890302682641114	0.0018856834774867116	0.06440736391276719	-0.3427956890085126	0.9371975518901071
3.8493465800199442	4.551799863989095	1.486953163454603	0.0016394154213651947	0.06360872148155165	-0.3517280409276837	0.9339371649601123
3.7899702115534555	4.486840235363054	1.4749190137207364	-0.005557997979567928	0.061803956881814275	-0.3640245969555789	0.9293198977658543
3.746341715032493	4.439737611654636	1.461958136047667	-0.005634210143798519	0.06013213465811265	-0.37351214511354985	0.9256570960729401
3.6961792849720743	4.389923426313392	1.4462104371159183	-0.0033239807937497303	0.06499825210481695	-0.37813734639938423	0.9234588922269541
3.6432550746804697	4.334376859338072	1.430968937244396	-0.0019915336435027907	0.06514771365822246	-0.3822605506984757	0.9217530475016347
3.594037159790419	4.272883533120827	1.4186713755725753	-0.0011901151317607339	0.060899849383826525	-0.3836017154994591	0.9214876645060812
3.5524167785267635	4.206894235674318	1.4090196804717954	-0.0012498119991700128	0.06237825971991811	-0.38937895942074	0.9189621410290537
3.5214176581207086	4.136941010302094	1.4011604084839844	-0.0001809361605933123	0.06675524123171825	-0.39821452585578265	0.9148600419887485
3.502864963957257	4.065067313417767	1.3962816396038684	0.0012393590672174816	0.06754645583338612	-0.4092699233647734	0.9099088251701063
3.4993435820685086	3.962703649964401	1.3978576853714568	0.0024625427975708087	0.06265816632015406	-0.4219976131207386	0.9044257319408626
3.51064164423778	3.899776824082694	1.404587891722422	0.0048138361040238505	0.06251261645436923	-0.43035710660659937	0.900478628596586
3.529987995997767	3.837585343677323	1.4144866877382438	0.0029846987801842814	0.06118905352188257	-0.43494755952711744	0.8983694183150337
3.5703322608738133	3.7452008513914747	1.4310442762247177	0.002335470038810966	0.06073733092592831	-0.44244678958715933	0.8947325637282393
3.6111884364404645	3.6552602051214715	1.4460487423252402	0.004678933234629398	0.06781154110327484	-0.4528423872992527	0.8889957675614086
3.633565806274008	3.5969236464322503	1.4549198190269046	0.002442440809538196	0.06506325291281319	-0.45673756273374827	0.8872156481889453
3.6541709157330664	3.538480434557703	1.4628134420255086	0.001681099922422373	0.061430087661127585	-0.4618427751980676	0.8848303618379876
3.675453983503596	3.475928382654006	1.4687895284157788	0.0018076722566611263	0.06468963613995943	-0.4654683198230316	0.8826954324897212
3.7037284847598118	3.4101744085005454	1.4719178618679125	0.0045049281861206	0.06379232583188821	-0.4688380808509685	0.880966003164127
3.743210659551967	3.3455325632272754	1.4737777163487418	0.001380813606783922	0.06454649907411109	-0.47220359039494214	0.8791220689012331
3.790756738837225	3.2841747181289005	1.4765174590764365	0.0012124843975296561	0.06603661514919307	-0.4781932074248774	0.8757676356853632
3.844223029008565	3.225395233816033	1.4806931101070164	0.0014378443078519867	0.0701253804273633	-0.4868344564844598	0.8706736332306981
3.903327470120247	3.166819779531812	1.485890444334068	0.0019749696424112575	0.06797108890905029	-0.49354770378106044	0.8670563388038126
3.995129782693862	3.0871490881877706	1.4936142186892634	0.004225470265731819	0.06866301686973046	-0.4991896290371338	0.8637576337012304
4.085301331141873	3.031358725323602	1.5003836234588814	0.006009119205405335	0.07174874641488646	-0.5046920373838877	0.860291784963432
4.145377289113411	3.0082591499947307	1.504007575003482	0.005345211279718744	0.07024136795218204	-0.5096560629665872	0.8574895197178676
4.211477167896591	2.9915023553336226	1.50763042194456	0.003921194864531937	0.07081343282156327	-0.5152522220848054	0.8540990748148194
4.320802287285979	2.9657788941178267	1.5134727072670886	0.003341218197128935	0.06963491182477918	-0.52563605409661	0.8478481903913341
4.397529750136946	2.9440406860320474	1.5171737791057507	0.0038674062244897322	0.06704608799499709	-0.531639273235678	0.844304180024653
4.479140032256815	2.919303279568611	1.5201973958764472	0.004149232159955623	0.06661275916149026	-0.5353891563245086	0.8419643552309721
4.566515060724445	2.8957522374991704	1.5221201118197287	0.003324501329944899	0.06531939529907776	-0.5384124078300967	0.8401395142375266
4.698786275695539	2.8688192360341036	1.5251058578251575	-0.00020860123337462414	0.06846082726532396	-0.5460323040674454	0.8349621515556674
4.819144174203834	2.853888849417531	1.5290714056830357	0.0021473823264982804	0.07909736075111858	-0.5540360582925119	0.8287237431032414
4.924709709299006	2.846923498085836	1.537522000366513	0.00508218354610906	0.08069545726156045	-0.5613431457125398	0.8236238749267175
5.0218413725188356	2.8427908026355877	1.5528267328021146	0.007985787706024806	0.08406772732014808	-0.5669218366207605	0.8194318004449688
5.08833174002469	2.8433162319027145	1.5642626413788818	0.010945171692536	0.08484933030968422	-0.5725406780159518	0.8154004944686095
5.162827598896234	2.853441868710666	1.5758864496535652	0.011233722037310505	0.0828124018412598	-0.5777370429258907	0.811933383241333
5.248136383898149	2.877566690500854	1.5875461514199996	0.01135360531817835	0.08245835993240627	-0.5860390297148209	0.8059962594047492
5.342450088790509	2.912514394392537	1.5968271157761607	0.010587634853515916	0.08221733109476438	-0.5959704250948524	0.7987161353498019
5.472089713832492	2.9695633531919583	1.606147847185672	0.011354823073302106	0.0843162316784327	-0.6042959864235445	0.7922046464524919
5.54260193610906	3.0057323840249297	1.6102881123689337	0.008977449139632616	0.08252135664320151	-0.6106467116417593	0.7875406177879439
5.6045907230870755	3.044770820685452	1.6130736271242359	0.010325239558281253	0.08207612104635972	-0.6157473666366908	0.7835892292917428
5.662793272160353	3.0956856435403814	1.6140715688874552	0.01203986280881063	0.08185772835729103	-0.621015822401876	0.7794188234436285
5.717391636962886	3.164765309553017	1.6128266285369266	0.010763516822763185	0.08374352559000778	-0.6276679659152757	0.7738889411221365
5.781728537433648	3.286893491652044	1.6078986970090186	0.011249985265845466	0.08641035979616686	-0.6395478308108254	0.7637966088276267
5.82083005665726	3.4120604706682958	1.6044915481588065	0.014247017840293506	0.09014792902130118	-0.6470974931602445	0.7569248362430419
5.833573717943515	3.523483998319611	1.6101526072475623	0.013995007638745411	0.08893237738538988	-0.6476461634047798	0.7566040041136729
5.826282474388968	3.621370861509664	1.6249600454774766	0.013475775803526694	0.08284070922887138	-0.6484271131093071	0.7566360415323076
5.815371625247428	3.7194319012396773	1.6428612617074203	-0.00011718713232941725	0.0740727839076677	-0.6511589066883448	0.7553180040167075
5.8110951110188935	3.788234130199865	1.6538488669551783	-0.002032954492902399	0.07414857875254835	-0.6535851518128976	0.7532093365690032
5.81003728193111	3.864651516865452	1.6633205799620592	-0.0007237431876183483	0.07183132049523955	-0.6557665682418555	0.7515383859577685
5.813427513947749	3.9516507558094554	1.671828097098218	9.663398179629873e-05	0.0724815917695003	-0.6573524907635093	0.7500894029403714
5.819951301267201	4.046603098065557	1.6783995249433334	0.001129078922869612	0.07347928807317104	-0.6550660539510709	0.7519893512317963
5.827667164879215	4.14705816890335	1.6822500385364287	-0.001478539322226154	0.07026218782527577	-0.6559919397641474	0.751488931287713
5.838436551638649	4.297848026481611	1.6829817088885335	-0.00697730576465818	0.06797414952029443	-0.664595913558535	0.7440719749342498
5.84469370536963	4.436256977829171	1.6781873048137155	-0.010956520943522206	0.07269706994047823	-0.6720922974373418	0.736808682356742
5.843754139451954	4.525783505250751	1.671807289844842	-0.009902767249711201	0.07332407365922057	-0.6789209469149343	0.7304737252379058
5.831682554045991	4.668960979790765	1.657702747742584	-0.014866170200513968	0.06843381584107486	-0.6863138477928277	0.7239261786679646
5.803620349938573	4.81261775614549	1.6460732562481546	-0.011478953609197068	0.0706742736184208	-0.6886466632718877	0.7215532924441832
5.757550339881994	4.9385040116558185	1.6422114983402543	-0.01511722432688462	0.0647599989720495	-0.7029782035914408	0.7080955142755395
5.698807544095156	5.044558683464624	1.6423296262706124	-0.014575645806870848	0.07039566871471588	-0.7208256542950464	0.6893782535630479
5.638068187869128	5.139173540467694	1.6430187816598123	-0.013892728838514187	0.07402034899360022	-0.7357086796776262	0.6730978522230541
5.573387757094326	5.225847543966795	1.6426792453893135	-0.01803987464929199	0.07172758772870069	-0.7464165530044277	0.6613562167865719
5.518800334728043	5.280025978489632	1.642748418319505	-0.015419958865540808	0.07390544526152716	-0.7496808343684078	0.6574791681946794
5.417759050279034	5.350772688426033	1.646961462100745	-0.016008819203328698	0.07383055879466638	-0.7559891508908226	0.6502100968388254
5.3030266823486105	5.400880741502512	1.658398702863375	-0.021745312083505976	0.07457699466913485	-0.7595521599073308	0.6457909333899157
5.183855841961808	5.438182945631049	1.676771399867223	-0.017817167126863983	0.07953201624037776	-0.7630789942582628	0.6411455805588239
5.0686888089298465	5.478329423164655	1.6959546536708183	-0.020614395154684825	0.07294027357253156	-0.7672038211882887	0.6369089887555821
4.963653285130158	5.525587525560868	1.7098208961765093	-0.02218973235775327	0.07163954620381373	-0.7689130461003774	0.634939460684435
4.894969036820569	5.562060130813489	1.7148774452229767	-0.019131846508026778	0.07415713580010105	-0.770130202906532	0.6332725813030765
4.8165544858788545	5.602179810135028	1.7180514111861611	-0.01828910297756082	0.0773797026542384	-0.7727577641952206	0.629700983170124
4.726491309269328	5.639530293604938	1.7202249058825878	-0.022401439659990658	0.07437444918165703	-0.7765094887637631	0.625299632712129
4.627588393640033	5.669901251032239	1.7211019542664767	-0.022337389777835823	0.0753963271052853	-0.7784171181666074	0.6228027175776765
4.483853552764476	5.700962019900044	1.7191697345826933	-0.02505117812592346	0.07393558237558683	-0.7832244102400414	0.6168188480724502
4.360126580493559	5.721391375915986	1.7113335477137774	-0.0236150365023668	0.07337622083111381	-0.7859994579331718	0.6134028956536596
4.257116339562383	5.736838215897748	1.696212613947581	-0.022613549256467944	0.07224564718725164	-0.788708105576262	0.61008910664822
4.173726013336545	5.74002450337547	1.6773325109808042	-0.02529755963712332	0.07371738810461154	-0.79371798388017	0.6032723615686675
4.093675280800651	5.726646725616776	1.6584213758004431	-0.026380888528878592	0.07372271578078515	-0.7973515264864257	0.5984141986183967
4.002815238156733	5.7024281296122865	1.6412065775300593	-0.029013971194944414	0.07289192340668556	-0.8007533089444154	0.5938342320817661
3.932816564499519	5.68225284449675	1.6323764124983775	-0.029802906425786545	0.07507022964016662	-0.8041438869872882	0.5889217744414977
3.8160695958811433	5.645911075811724	1.628461618956489	-0.024133494979024117	0.07518536417641947	-0.8123337858188301	0.5778222528174232
3.702381562623517	5.606838499294388	1.6365176225866944	-0.02363572245826297	0.07280980486281896	-0.8171678167855883	0.5712940085013912
3.5994961346787884	5.5641683761770695	1.6542792926019134	-0.024873265055544578	0.06988845084230849	-0.8175977272359193	0.570991139636156
3.505380543867449	5.509906234268902	1.6816855487507227	-0.022521384815032207	0.07456360268438746	-0.8217165243609068	0.5645485009925787
3.4150420001762485	5.443695107454537	1.7136240819461692	-0.02875512107179078	0.0757183383585633	-0.8280114021348465	0.5548305995374159
3.3197904210076383	5.368648216456484	1.745108881397122	-0.03477685712793064	0.07418859700055208	-0.8351070167133212	0.5439511861551253
3.2220340087192114	5.288643713798528	1.7715606646413433	-0.02480111352104259	0.07447983677083943	-0.8371488058310571	0.5413127890400694
3.129061355750525	5.212028052076821	1.7848527282152795	-0.01996823362718061	0.07929035941026581	-0.8415296075982346	0.5339871047937025
3.048391526154887	5.1377491466747855	1.7828564209107298	-0.025876859676110142	0.07523610583336661	-0.8408261088414214	0.5354263452641508
3.0038063966532236	5.082568354551195	1.775345333810792	-0.028478822768005656	0.07528653512401601	-0.8413800690025622	0.5344160118933662
2.9604597115833724	5.013758090782477	1.765374405758294	-0.02896884025821807	0.07647321723799048	-0.8432583522017844	0.531251357439484
2.910972670460609	4.926883552729447	1.7539827154619765	-0.03335396210773311	0.07602175216881685	-0.8472120712567268	0.5247284180657495
2.8274704423837704	4.779793116024899	1.7369192008300245	-0.03289678460310477	0.07541286455650371	-0.8511809996415296	0.5183836487307483
2.7696928850033378	4.679455177857132	1.7277312343116893	-0.031917027766390736	0.0752226133947475	-0.8515361982381409	0.5178889503192317
2.6941187951719137	4.535260811497346	1.7191050047985164	-0.02956956419362733	0.07319390604325494	-0.8517314205772918	0.5179979538501254
2.6480992476411673	4.401176372323109	1.7135790537285815	-0.03218721253841224	0.07281693682063649	-0.8563930761300527	0.5101495625966667
2.633706841706406	4.3112446972566945	1.7102874505922683	-0.03291898834068077	0.07697322325875718	-0.8580075045521043	0.5067687690061928
2.625609123551533	4.211243154525814	1.7079496731947053	-0.03299727729604863	0.07869046223696687	-0.861048202522519	0.5013132591271816
2.6167993786514305	4.0450772393227945	1.7107020500587142	0.03315767669164893	-0.07691058166283461	0.8627379532538831	-0.4986667774375954
2.6058085707254337	3.881487757860868	1.7233651649496424	0.030897092453987394	-0.07935047043008782	0.8618515198785694	-0.49996082866901925
2.5965330420274415	3.7770579678160447	1.7370149285569962	0.02895898707601969	-0.07820421124665095	0.8622990180329809	-0.49948561732063534
2.587427846546338	3.6238968935788316	1.7627567643630897	0.035552368775639644	-0.07809334724523455	0.8629583160373194	-0.49793614346872767
2.5879039520334013	3.4791715304311457	1.7886598804208775	0.034915815774820926	-0.08162107529514473	0.8669773716643464	-0.49037651136491445
2.5976412186709013	3.3419901583623	1.8087841500645543	0.03409053292371818	-0.0840123266857785	0.8726416959837451	-0.4798710607657343
2.6105609421373055	3.212595028370684	1.8196983368562911	0.03706546502511316	-0.08111708617928105	0.8779507094251945	-0.4703708339725713
2.625734522409876	3.092614769193102	1.8185937280898357	0.03856088471456058	-0.08335048377156319	0.882170370141974	-0.4618887236863969
2.6539648790562085	2.980958731540709	1.8100378064279974	0.038951446375594626	-0.08619430317397224	0.889307809657067	-0.4474203243132252
2.7043212901925133	2.876809256434714	1.8026555581367796	0.03803160389104173	-0.0886997109618483	0.8965044919609436	-0.43239525237288307
2.7711951491209983	2.780934020126354	1.7995064245704337	0.03626130996662501	-0.0934336915951442	0.9042139866954284	-0.4151533800160692
2.821264386868529	2.7209004908815735	1.7997148274953825	0.03435254575536331	-0.0958145812951919	0.9089625536373754	-0.4042604911395294
2.9005900592205283	2.639344235722852	1.8042246015531342	0.03785231699029833	-0.09328534256652449	0.9146945110586924	-0.391406436329056
2.983878131216913	2.5724844952707127	1.817322677234005	0.036879598254132166	-0.09270112351017668	0.9172485875316303	-0.3856182381628149
3.04714756963284	2.5365026628547556	1.8322460009397195	0.038568380331490064	-0.09187403249695611	0.9173610145578993	-0.38538345989501804
3.1231411462430243	2.5040190621048697	1.8492687375637993	0.04106260743704354	-0.09014763034572663	0.9190408371631068	-0.38151173853507686
3.255286101028113	2.455933233484123	1.8688762764923574	0.04221290016343458	-0.09136221949309178	0.9226912912481524	-0.37217173047385615
3.395551342944387	2.4100950106715673	1.8767508466902667	0.04583027858265789	-0.09165488012314278	0.9259881922260105	-0.3633797412799079
3.495402940131487	2.378930172338593	1.8767805083143645	0.04761769255595989	-0.08886619171797239	0.9281876882445346	-0.3581940405931635
3.6001231528493554	2.3476000842416527	1.8742508109416725	0.044304214656414945	-0.08871360434336695	0.9281421648812096	-0.3587745179603866
3.7150790015323802	2.3170577442548947	1.8695288579300153	0.04390881937714663	-0.08940289991590328	0.9279663432128792	-0.3591066734713356
3.8397991784604977	2.290963013783784	1.864055614801253	0.04660109241467086	-0.08706563878498813	0.9295003360003895	-0.3553548059389148
3.9708663842421017	2.2701780431186487	1.8582430510492614	0.04903184237492419	-0.0864399927118602	0.9306723764486196	-0.3520979037267514
4.1059417398927724	2.249980051622744	1.8520980030934577	0.045614850251514724	-0.08939706325522213	0.9327656203921587	-0.34623077265359375
4.283647372304343	2.218141140300789	1.8484709776975057	0.05203359225247099	-0.08637793249453427	0.934024271563812	-0.3426806358476697
4.423813899000614	2.1948668985416884	1.8498806044789977	0.05025861631644216	-0.08250996033248796	0.9352968757952169	-0.34042022862866705
4.513733755173799	2.1867692826760887	1.849908911278755	0.046316133987923	-0.08258336292900961	0.9355614332174416	-0.3402346375310344
4.612265589090547	2.1808781947721756	1.850243982880005	0.04193947506840533	-0.08416703703298527	0.935388914768625	-0.3408879118362051
4.7216898740147375	2.1761037589322996	1.8517503212490254	0.04457153318111173	-0.08339943852033825	0.9359714216296822	-0.3391392191665375
4.839665467699788	2.1740368104775136	1.8545099471485245	0.04370966471277225	-0.08569996400604166	0.9368969060908974	-0.3361088644135468
4.964428668266613	2.175500943920817	1.8580473845756558	0.04546356726857031	-0.08605674562094397	0.9377435391903516	-0.33341319003767894
5.14948754367114	2.1872879620551635	1.8624553175793936	0.04703192201101762	-0.08615090322248305	0.9418574795376221	-0.3213572909161037
5.308326483698098	2.2161554951984446	1.8621948920611413	0.05439882735586677	-0.08823974714666603	0.9447426559345338	-0.3109916858431456
5.430591602518084	2.2618824998110623	1.8575514680010545	0.056884119645338176	-0.08836090321225226	0.9496870362203476	-0.29504420168968193
5.525295052569702	2.3178311180172018	1.8519623957824696	0.05455705211032628	-0.09224973116549547	0.9548488636387522	-0.2770869227746197
5.607704504130525	2.3791950446377923	1.8477854420423996	0.05585683021978237	-0.09354427521119887	0.9599594089895582	-0.2580841261787086
5.68106044666636	2.452546327937959	1.8448563524198216	0.05813330122487826	-0.09194586752374265	0.963514047715584	-0.24455501750881087
5.743233291455999	2.536991533455881	1.842448571149445	0.05649999974437138	-0.09029091273594689	0.9656364932628126	-0.23706847952710464
5.7961096777887136	2.6291680230673826	1.844528058188305	0.058680418519885466	-0.08747101372470832	0.9671898028662638	-0.23119108000054908
5.840975891272811	2.7318725818062894	1.8498119746944257	0.058902905834046705	-0.08786098098532134	0.9691509972538078	-0.22261455528907315
5.888185178173917	2.8404732644997397	1.8547118956483424	0.056053537730084924	-0.09222989832486506	0.9717309631275952	-0.2099775751408769
5.926960879954516	2.9182579160934226	1.8582049765118451	0.05562946732736358	-0.0917079992705837	0.9723768308525436	-0.2073120933660741
5.990039273548018	3.0477798860628535	1.8629756677993616	0.051504212040754414	-0.09191041836794209	0.9736760346162595	-0.20212563110958276
6.030298064293787	3.1410647298906915	1.8645968047869999	0.05054053959050874	-0.09229862557116529	0.9735916578968802	-0.20259788066309536
6.065953811521293	3.2392354938936183	1.8632376552926186	0.05359636344510848	-0.08959693474060934	0.9738944165290686	-0.20156756823470243
6.097496135050836	3.34155270159746	1.8572543160269082	0.05256827585127497	-0.09208446881452251	0.9745453987286757	-0.19753048573305723
6.1294527425059675	3.4487299653231083	1.846832461504918	0.056044130277875505	-0.09375934820715913	0.9755102121165636	-0.19091376624398212
6.178801941005677	3.6052106225685234	1.8247668136061908	0.059759751376207086	-0.09151640364590512	0.9763961255260737	-0.18629043463593295
6.2048709337531	3.701478777968679	1.8065738825525652	0.057706976390950064	-0.09226878347080933	0.9773125388472761	-0.1817046446421285
6.225571446925835	3.8345098106812507	1.7737939960353297	0.05999127888015955	-0.09143858352966364	0.9776717440789002	-0.17943799132327723
6.2280662880600435	3.919494645571666	1.7487897354112594	0.0605406798917845	-0.09059523812939609	0.9784710830855711	-0.17527597802285258
6.219610851391316	4.010577129247879	1.7229691235440403	0.0599379337022033	-0.09188763400770096	0.9789897219730792	-0.17188144487131166
6.201753572701846	4.112776879887279	1.697256942191483	0.05837740412332102	-0.09431282979961692	0.9796840353462403	-0.1670818952212274
6.176695802086435	4.226299401409385	1.6726041038697137	0.06382901005826579	-0.09145398170642986	0.9799190942823977	-0.16528942908058855
6.134488331550944	4.4007587407514315	1.6389214328600012	0.06100318584256453	-0.08943869242594282	0.9802092622100311	-0.165738148571357
6.0969561128070335	4.558791984006684	1.6124852791983437	0.062287480291230074	-0.0882953203535979	0.9798630718525841	-0.16790642221857455
6.074439463913279	4.653745600114498	1.5998885628368895	0.06380899760637344	-0.08885170969410806	0.9800189098700665	-0.16612261076081722
6.051889914715208	4.748399183434934	1.5890140485859579	0.06304607038284468	-0.09155821561417266	0.9805679691633262	-0.16164388022359424
6.021184374905714	4.88481226407515	1.5747992223760705	0.06403055158673229	-0.09167586078942472	0.9818993215321498	-0.1528703613743367
5.9904470353570085	5.002687023098104	1.5645549937351926	0.06247123801300474	-0.09408312443047165	0.9816937942520145	-0.15337211104241158
5.95025011709847	5.100641842093241	1.5582335543307908	0.06307346556602565	-0.0909683966977986	0.9823770603077641	-0.15060478121493548
5.900568013842029	5.187646429482952	1.5551817000144652	0.060679324896944914	-0.08853715691496009	0.9826748490787472	-0.15109378664765633
5.848960690578426	5.274003895474374	1.5535579406214057	0.0624414374662419	-0.08933494501469359	0.9836157489703115	-0.14359802527870527
5.806013537154584	5.368465197809306	1.5559255858645684	0.05531854126030235	-0.0914636419390439	0.9842147487279637	-0.14105172661980916
5.770800836623139	5.468524760947604	1.5656942961792184	0.05978509256147733	-0.09098170598796815	0.9853631837288133	-0.13117723901177
5.7329230573652135	5.567512228076993	1.5785937085386408	0.060898585276783566	-0.09435380375379092	0.9852861160142021	-0.1288409547392643
5.680953191850309	5.658025589582984	1.5899429176275521	0.06304578506745141	-0.09456337692505717	0.9858955328189255	-0.1228535514238185
5.613390289366946	5.7360843122081535	1.5954019999476334	0.06591056919206323	-0.09448810639019833	0.9860465743018908	-0.12016633441641673
5.560139581062248	5.787598743857471	1.5940213983773353	0.07184056271850124	-0.09374494137517454	0.9866056790399352	-0.11251690362342041
5.496570842662656	5.844123755706762	1.589500835104941	0.06947328483835677	-0.09622905759871879	0.9876513689495843	-0.10226536353742985
5.38547095470846	5.928655490940522	1.5806290411418475	0.06724323239327362	-0.09999293493682693	0.9887057964524762	-0.08911009326276038
5.263873160841125	5.992673480287056	1.5690668468075841	0.06922047744757676	-0.09991689417200886	0.9896477686259022	-0.07630487412165163
5.1839598990028755	6.01998574514232	1.5599977336646538	0.06779242937999663	-0.10033125341698027	0.9899084585511039	-0.07361433145463393
5.1074503761758425	6.0404321934803376	1.5512876505375848	0.06205872045228155	-0.10008894631900113	0.9907138408973578	-0.06794853563530141
5.001195918407104	6.062004678626801	1.542324020574115	0.06284509799796237	-0.09810520977524524	0.9909843080057537	-0.06615106014977118
4.905621547122409	6.078312808273017	1.540781336800009	0.06764702189501692	-0.09711786291901464	0.9911389255671864	-0.06029619686432272
4.839722859749999	6.091468119919576	1.5432720678432919	0.06083924457246331	-0.1010987117374167	0.9913294119861094	-0.057824162217543544
4.764197281182574	6.1093724995082965	1.5465716448650886	0.058949092182991394	-0.10238909459692964	0.9917279732842065	-0.050170756861161736
4.678178665206299	6.131579509750502	1.5503640275678918	0.060576809233083416	-0.10097307923261686	0.9920882335995802	-0.04354106345378244
4.582953271116613	6.152335581105307	1.555203160602184	0.05756420375276639	-0.10268133084060474	0.9921592447660394	-0.04198737629804707
4.478664349631052	6.164200334540835	1.5599358831796764	0.060592465286352544	-0.10297742086855396	0.991800926442688	-0.04533350029732986
4.366136121356625	6.162287337116167	1.5641049169379202	0.060105811971104796	-0.1017931924984197	0.9919578393778387	-0.04522258534320364
4.24768740190363	6.148246239182741	1.5685144240074407	0.05929219952915022	-0.10429100892194028	0.9919779083206041	-0.039845325157636745
4.078530278464538	6.122642119140872	1.5761384668278537	0.05166173747259306	-0.10795585378040796	0.9922241681830256	-0.03417306818765763
3.9424413327037087	6.098655585569818	1.5847980190442361	0.05229904162174346	-0.10728995716467593	0.9924415508320542	-0.028520931245591047
3.8402488152699377	6.076781734421936	1.5929773303309	0.05052246284769818	-0.10823872037803933	0.9924615575607826	-0.02742110360201553
3.7539528052724966	6.058130757649433	1.5989293941867109	0.04857990729598938	-0.10512759783706997	0.9930660316804587	-0.020199938181736286
3.6706917476036316	6.0352689303065485	1.6019585419460045	0.05769370900975298	-0.10691237873038507	0.9924894562025005	-0.014347771317274919
3.610771246752828	6.012812262214228	1.6008357535054658	0.0634269465679589	-0.11012836581143245	0.9918527013253774	-0.0087740735305564
3.5094588954428345	5.967228300348446	1.5974529032581612	0.0650165807559088	-0.10685178867047569	0.9920468776954098	0.014090136249105621
3.410537004375156	5.903324668055457	1.5975507624185237	0.05829612784966472	-0.10815674025361172	0.9920437083115343	0.027440149688860636
3.3301472574090476	5.817041719148797	1.6036623623955022	0.058380936185497494	-0.11031432385299278	0.9915102834011452	0.03646606851227427
3.2886764581416896	5.746331556977276	1.6099111305331244	0.05919577171755331	-0.11019996180397111	0.9912340879156234	0.04250661105343662
3.2393104397430816	5.629371519599998	1.6165946364921546	0.0570637393299751	-0.11061588927315241	0.9909868996853013	0.04952594619090412
3.197737065631464	5.517123428505581	1.616620720812234	0.053457601633142234	-0.11627374800776659	0.9902069656121034	0.055793060546350526
3.1596234755322636	5.423452655795496	1.6093035486275733	0.05383172024602442	-0.11721908927957858	0.9893485728172566	0.06746282286027515
3.1299278267982453	5.347505888399068	1.5976270129392978	0.054076149810319316	-0.11857334438561729	0.9883339018818261	0.07881770368353883
3.1121108239517117	5.267516530410282	1.5890618619602608	0.04845384042480229	-0.1179338436456848	0.9880915336317735	0.08613335611859228
3.108810354233887	5.1752320227014525	1.5867612647309264	0.04645319202076872	-0.11787386664620803	0.9878470483345444	0.09003366931143698
3.1221474476988718	5.080174228701742	1.5833292801282288	0.05138031440061728	-0.12030427243208115	0.9869190270538948	0.09422196859371128
3.1370861943818915	5.011415988033069	1.5787963760122288	0.050500285632148645	-0.12248090211913548	0.986287528950805	0.09841270244876206
3.153553299343677	4.928727308495478	1.5719813368019795	0.053880650377162005	-0.12463208495658123	0.985289829434788	0.10376738855090865
3.170455549126675	4.784288266286727	1.5546678665994669	0.05478467292225273	-0.12311409798834821	0.984583750769263	0.11151859132201367
3.179913927557467	4.635262999754192	1.5301455230328689	0.05218257877164631	-0.1249385875100089	0.9839382100859462	0.11633110743308767
3.1911020278952504	4.497349642411902	1.5031986958380175	0.053988557828311697	-0.12404536397143733	0.983783255178742	0.11776455379582697
3.2000677197521257	4.409764155433509	1.487192905239045	0.05738879633218367	-0.1258394800153071	0.9832646006142489	0.11858194004114234
3.213808470159658	4.281186181918176	1.4717625236578713	0.05233466701934088	-0.12565938920063588	0.9822649978805807	0.12894291167939384
3.2295079507224957	4.165556768095334	1.466861161181099	0.062451273847063726	-0.12903066352751805	0.9799058275385508	0.1386920885289234
3.245356456721197	4.060702937095551	1.4714707190055223	0.05861184910510005	-0.1282365415528426	0.978816032497137	0.1484561048984182
3.2611141947582185	3.9621127576953628	1.4816328929620524	0.05656718913007176	-0.12693430972811745	0.9780071868662259	0.15553062902778841
3.2872103043470826	3.869473103982083	1.4913470937954547	0.05915312792245147	-0.1255222759097789	0.9772243104367745	0.16055439202584745
3.324791335822245	3.7780516832356446	1.5003092140963754	0.06275016142836685	-0.12421169702525404	0.9763039610191399	0.16572400930811942
3.369700928567508	3.6852263697123964	1.5103469089525379	0.06250578812664741	-0.12523707446296178	0.9748331536656857	0.1735195209330586
3.418827751273589	3.5856517988156282	1.520337945111964	0.0713348963336185	-0.1300636669520989	0.9713186727359543	0.18583544091079285
3.4701543794739287	3.4810173693155444	1.5247376165624515	0.07758102443146907	-0.13137110627467866	0.9691845058234984	0.19340168240217448
3.508972907338897	3.409930733664029	1.5224481431126575	0.0759280213747008	-0.13202570989122844	0.9682916528795099	0.19802884249953648
3.5599196107616606	3.3350572622020693	1.5168209350359612	0.0771280497993737	-0.1323921126371021	0.9669679264968187	0.20370719568064477
3.655300627427315	3.228656439626043	1.5082830978912496	0.08465429083663867	-0.1343102003284758	0.9640999465333688	0.21285139000021863
3.763096532683365	3.1477488384301786	1.5032131714443746	0.07920460331263807	-0.141285364539937	0.9617123944542678	0.22107543267840213
3.842297519822495	3.107548405686764	1.5015408636832472	0.07748440120251124	-0.14358751622381552	0.9593199100455613	0.2303998761829946
3.931169668811708	3.072296391483903	1.4996808405610391	0.0796603388912858	-0.1438163314178295	0.9570282109532922	0.23888929792852323
4.030573974795157	3.04319592106416	1.49613778755285	0.07325910448588119	-0.14087645249220054	0.9555056732259668	0.2485876850854256
4.189236571925283	3.0168121673739052	1.4883785761905663	0.07160646921593883	-0.13814937102601454	0.9542223058279145	0.2554350326638864
4.347286686033049	3.011641944918032	1.4796628318223646	0.07274177089641573	-0.13829230504599993	0.9513616938110465	0.2655085698822043
4.487402623780939	3.0210993678799802	1.4703654530859498	0.0658239006626255	-0.13903419926659868	0.94679332495932	0.2826996734139029
4.608005912668216	3.0363313197244666	1.4628727475672534	0.07104373681063056	-0.14315677806060348	0.9420911769542406	0.2948273031119436
4.682941628621874	3.047618376508951	1.4592790169759517	0.0714531342818493	-0.14354094065806455	0.9397544633090384	0.3019138894569747
4.756148726039387	3.0629287733099364	1.4557678537719674	0.06906333630311616	-0.14410462923686088	0.9386650094482533	0.3055685053285096
4.869232516330709	3.1043785405224997	1.4481203988733025	0.06662867734079143	-0.14572299641804837	0.9341148735345973	0.3189903301233514
4.9804391792759635	3.1767856181785668	1.4389810635330056	0.06252382218534808	-0.1458104649372223	0.9299257741056286	0.3317651799513818
5.0798833616383465	3.2754795627559474	1.4319048797884033	0.0574769991054302	-0.1444485328240284	0.9244527138238219	0.3481640358259165
5.141119710516425	3.351706964268163	1.4272252249653714	0.05574945197841736	-0.14159307987313793	0.9211503179226702	0.3582254738668203
5.201728550887761	3.4393404022741185	1.4206963996492143	0.05818884741266978	-0.14221261188354323	0.9191488933441562	0.3627050357001651
5.259926570937563	3.540795963052871	1.4118879969322629	0.05851331333430151	-0.14064542137175326	0.9155425623070724	0.37225914926836046
5.326703549597476	3.6984492562710845	1.4003495523199994	0.06106439095337145	-0.139283148350528	0.9120902067871454	0.38073980541314595
5.356710997649799	3.842388571843123	1.3982350871647713	0.0614384552949804	-0.14036101144211555	0.9055054728986145	0.3957068880226483
5.353676679908079	3.968650695353294	1.402139710786293	0.051155067119906014	-0.13518872653160988	0.9005410736610174	0.4100401711737289
5.342729038955811	4.04963008827085	1.4058361508953305	0.05318290183810067	-0.13783803700767328	0.8985112854334623	0.41333972039311306
5.331941331853963	4.141034117692619	1.4110271678809365	0.05655888679182578	-0.13909163763205215	0.8951576393001064	0.4196991892634096
5.318024869620297	4.245436322695934	1.4152953716775396	0.052997262754322295	-0.13743489817580956	0.891877867653098	0.4276175956324957
5.2959751249993	4.359842025160669	1.416708920666588	0.053527514476792146	-0.1392182457419447	0.8898072365207049	0.4312727293509964
5.260903861067567	4.4779310427835215	1.4147077688328658	0.05249412131759873	-0.1401855790990512	0.887509626442947	0.4357970096396452
5.185807893152208	4.634316714422722	1.4101641127972204	0.045375737515622086	-0.1363019214925918	0.8825760571419121	0.4476855280240542
5.100191581795977	4.7541871905642195	1.4011192257023715	0.044666055037188734	-0.14081854983045042	0.8776842815921806	0.45590062666888354
5.0197006682259655	4.844415745570331	1.3843095158886576	0.044728179830836566	-0.13882475112322254	0.8727518161035268	0.4658662317582062
4.941926038738249	4.911276817633461	1.3700418930025937	0.04455831399577879	-0.14222727868349852	0.8672388685659003	0.4750607358019355
4.853398410678328	4.958824978459592	1.3615625490026024	0.036985333179372665	-0.13922818676150767	0.8616717417345185	0.4865895669215625
4.752545406015448	4.985931747497889	1.3557467490236028	0.035109788627020876	-0.1416342457585871	0.8561067088714213	0.4957704571637007
4.640898355703908	4.997488547414784	1.3571384090556722	0.03803027381994182	-0.1457976785981913	0.8484661577897864	0.5073479223116956
4.517384564155973	5.002654225522023	1.3685430500575728	0.04285826734219363	-0.14773429942062524	0.8398528234107665	0.5205621775581513
4.389063224500743	5.00268525967619	1.3824499050699204	0.03819540993296937	-0.14875949213612147	0.8327486226862322	0.5319224149945528
4.301507425573766	5.001209510174401	1.3893004876856316	0.034706252292768594	-0.14938743742958505	0.8292740655463277	0.5373857030125347
4.206141381391306	4.996140839551652	1.3936228797563142	0.03689163460258969	-0.1508105036462025	0.8249375460757692	0.5434825152300803
4.057884543258791	4.9717421541608084	1.3938743105106188	0.029128521658568992	-0.14771977657863145	0.821680425912455	0.5497014412441269
3.926466108430585	4.92523271156869	1.3881958533094902	0.03470332579284881	-0.15483990802331254	0.8161036176339022	0.5556934112863888
3.8174633237293696	4.861893877863265	1.3798971633358423	0.03376167320645641	-0.15775257568582327	0.8118163327392093	0.5611849215585261
3.722150606278126	4.793805867271804	1.3694581219680595	0.023504011678479014	-0.15723497297837807	0.8065204646321463	0.5694290691886497
3.6306528416590593	4.729521319539617	1.3581505346008804	0.028121088321477326	-0.16208326956130864	0.7932312662430292	0.5862784119975859
3.541016313304227	4.662011438577374	1.3510176760561916	0.02392781203326459	-0.16272487981539593	0.7836829499861768	0.5989900727068255
3.4855541872904676	4.607075384330607	1.3496886787140507	0.023812392349658235	-0.16383353729085032	0.7767107471822868	0.607710422192088
3.4198428113432446	4.506414474658412	1.343773347014093	0.026360765795640416	-0.16878076667450706	0.7682259550612787	0.616965999709561
3.390630942886852	4.427937643203206	1.3353946432906882	0.02623271513144168	-0.17226688887148164	0.763495830465067	0.6218601776266348
3.3707866238481277	4.3357805207338656	1.325708249266595	0.02372258528960502	-0.1732868356010847	0.7570760753605484	0.6294797277682641
3.3564776086517525	4.185051931445942	1.3101687383787075	0.023629582616496583	-0.1770412882641157	0.7451925898390803	0.6424842637170778
3.3624593543995105	4.045467696431409	1.2959016408400106	0.015828152739103204	-0.17893084070666204	0.7362280917942524	0.6524579838410037
3.3882540170653046	3.9336425537157926	1.2853555917131063	0.015186114821942927	-0.17664727192669225	0.7245612691656399	0.6660150827590529
3.4185331116339714	3.8706145123166618	1.2804947177865402	0.014154262683157288	-0.1747872884470855	0.717745992802939	0.6738618185210776
3.4664209999766653	3.804657652173698	1.2770844028417152	0.014108490862796523	-0.1782847077439449	0.7126889506055303	0.6782993241593399
3.5631456898614835	3.6972893171927432	1.275587459361061	0.009987931668403088	-0.18406789961289	0.7091605612155812	0.6805222611858389
3.667667665224642	3.5937101509081626	1.280901535106292	0.006192943133451166	-0.18362808820761697	0.698150904993168	0.6919737614489302
3.762102442409026	3.5042267254849273	1.2918867858851621	0.00273797832594981	-0.18851928287773834	0.685569718156587	0.703169357270812
3.820288216959013	3.4491056164262677	1.3004432575175566	0.002117825432525721	-0.18577138406652402	0.6736070251761509	0.7153587095372367
3.8881867785553004	3.3962328314743773	1.309715351842509	-0.0019487508821808516	-0.18563336230370847	0.6669010806215031	0.7216504734535201
4.013338650292384	3.3344405489334514	1.3219062292866108	0.0041185040220025095	-0.18950084275893503	0.6538361902591915	0.7325098667087151
4.1528851027215135	3.305147259491301	1.328365731986422	-0.0016430448596270824	-0.1924527202882373	0.6428215922653796	0.7414443009253276
4.291598164749429	3.311984481009723	1.3276887508798854	-0.00484419930127982	-0.18054226281223587	0.6262728254014182	0.7583952618756863
4.415390901445319	3.3464660076366237	1.3223576755821524	-0.010130398200207173	-0.17234041836506575	0.6099883899768215	0.7733759236771879
4.490793026113677	3.377803530829751	1.3172918652371806	-0.012062388720658316	-0.17038507678590056	0.6035277450423427	0.7788309735437584
4.5975527843436685	3.42902327544322	1.310646559341835	-0.0123921282917597	-0.16634088607645706	0.5919392838673426	0.7885334672607855
4.6916687539343505	3.481941506994848	1.306016961396561	-0.011599543248361049	-0.16491068441687456	0.5745296795686877	0.8016143487090831
4.771983507105209	3.5383357541001965	1.301171397730198	-0.014933407541472836	-0.1623355949771741	0.5595450006590407	0.8126090943252361
4.843609191285626	3.6049857325706647	1.2951241573177863	-0.017987958080372266	-0.16615763976934755	0.5478974771449417	0.8196806857847668
4.913067165684572	3.686570155859472	1.285216222833119	-0.018458773555243335	-0.16795842376875703	0.528837999837243	0.8317328967235179
4.969632565003527	3.781500647262226	1.2724915882216328	-0.020771773042561607	-0.168788922485404	0.5078770702127049	0.844476000039695
4.999330033267086	3.887076254852303	1.2611471436584443	-0.027084222963540856	-0.1636174329491569	0.49105427759686376	0.8551967475121796
5.000424062429711	3.966221516027752	1.2547630793126696	-0.02913005735101945	-0.1637138071059946	0.48189196241874915	0.86030771569119
4.979282531198127	4.055073859021312	1.2483099306099523	-0.03269739789458653	-0.1612269872136146	0.47084117198818154	0.8667440969085044
4.912714745011989	4.189851988042232	1.2384707962181762	-0.027897452920275075	-0.15499065535184658	0.44764373468504426	0.8802356023652934
4.8316795564609025	4.303784483826393	1.230295090331802	-0.031203859876104183	-0.15404723053953173	0.4396944214777819	0.8842876147573541
4.756099828026684	4.389163048694682	1.2264724569914858	-0.02782082432237189	-0.1564536264349153	0.4235737854492155	0.8918147300810908
4.685429550659878	4.451555536008986	1.2271280045839843	-0.03344117302940815	-0.15037226781540308	0.40267125275365984	0.9022891616462358
4.605117612515816	4.489162895149283	1.234166006814407	-0.032208754929187636	-0.14430733320280464	0.38335315382408436	0.9116898316548964
4.498734408504462	4.503650800797697	1.2479090632823742	-0.028373653839240818	-0.1423474834420519	0.36421494809295846	0.9199345636028512
4.379121804541649	4.512947612887527	1.264741317356981	-0.03301907561300021	-0.1404444551729146	0.35010163694337343	0.9255344075000213
4.29931714741454	4.520869426528736	1.2762553720950156	-0.03161083741650815	-0.14172562193937757	0.33846234848864903	0.9297084713496327
4.212749229007062	4.525291619699629	1.2865874063365257	-0.032450760037402035	-0.14421770468883433	0.3258953893533576	0.9337774879624704
4.115937236905695	4.5202081433407075	1.2939468842433999	-0.03292695664821182	-0.1447869112520498	0.3112112816099336	0.938669326256419
4.0138250103158	4.500581953669991	1.2980435289705317	-0.0381297169852224	-0.14132937614705107	0.29901738671988654	0.9429531984991201
3.9184465279017027	4.460689782615323	1.2999650305097976	-0.04114962722047166	-0.1392163360157757	0.2882486688481353	0.9464873083529625
3.8399304059087758	4.396433255425266	1.2994018404203722	-0.04254629664951793	-0.13751434282082198	0.26917032022570464	0.9522746226113343
3.7676924523027973	4.272581878919672	1.2956586776207542	-0.04802220749367748	-0.1271416373403369	0.235733741241543	0.9622673614345011
3.749112532087019	4.145367791769437	1.2905068093190815	-0.046284710968410324	-0.1223649844352954	0.20293852412272878	0.9704125367809343
3.775169455874942	4.0387533876727275	1.2843899138071455	-0.048758731195036355	-0.12016280558102788	0.1720240374934312	0.9765199520806546
3.818415162687325	3.983352363783906	1.2799067514175904	-0.047371996339807404	-0.11203727549414476	0.1485216719135707	0.9813994374537959
3.8868229493261435	3.9386510798295666	1.2753795168444564	-0.04723108130499199	-0.11065405908470147	0.13463687493254214	0.9835638342655949
3.978797557623378	3.904442689129257	1.269875274451562	-0.04459174642692231	-0.10521129655356229	0.11645713553049265	0.9866001696797679
4.088087679900956	3.8820574203946627	1.2635342275918138	-0.04138711712971376	-0.10361023922406551	0.09981474769337687	0.9887310256113792
4.204918256674407	3.872596068683616	1.2572477730915648	-0.04097240259373605	-0.0997634742914633	0.08469796275068547	0.9905527580744379
4.355272444831308	3.882887841813963	1.2501504833962223	-0.04077619366822099	-0.09846028014100164	0.07294007225466932	0.9916262507235122
4.450930368247069	3.9141658004933797	1.2452328790607048	-0.03818705942692828	-0.10971740861465804	0.062369486061471587	0.9912688262765229
4.486254587824755	3.941456713524283	1.2388106234859633	-0.042842702402172694	-0.11280578035135407	0.06260018958691796	0.9907172023508433
4.506473464970262	3.9705271670088256	1.225417292958164	-0.043143118354949384	-0.11245877844885689	0.06304372148347315	0.9907154907792222
4.522689541470703	4.012773507751713	1.1958385840295598	-0.04280092226908731	-0.10624420908965372	0.07324851443614683	0.9907143403730089
4.520961706307774	4.04138531396378	1.1574246020084722	-0.04060634190960558	-0.11277467923810032	0.08169617176268493	0.9894234342478374
4.5080578377669145	4.0473854401242155	1.1150128754626358	-0.04168168427542952	-0.11408847271713853	0.08764145469575338	0.9887190870049214
4.501922533616533	4.043456370844929	1.090101691422295	-0.0377291094301921	-0.12116413300100219	0.07472779285543409	0.9890963169230155
4.498976192031628	4.0378159289481275	1.0678994835439737	-0.0346917628748903	-0.11775975340962222	0.07089348128836823	0.9899006194443724
4.4986137708272045	4.029891277012295	1.032547021830414	-0.04461323317794065	-0.1281892345082759	0.07658356254023173	0.9877814219402177
4.499918525250723	4.028374277875909	0.9862592567072982	-0.039285963806057554	-0.11958553133058406	0.07666579337667546	0.9890795063442245
4.5041535779022395	4.033999356928042	0.9462983092669986	-0.026927857944538214	-0.1288308868688366	0.0800121519091957	0.988066570936375
4.51516553080017	4.040541561563513	0.898635026785622	-0.02084055424346234	-0.13309252879227385	0.08156902475707721	0.987521414592454
4.539328562741217	4.038782800612462	0.8128426361941339	-0.022788791776989916	-0.12677836368281784	0.07901293998131755	0.9885165010189562
4.560834777250812	4.031429445615961	0.7168718285664047	-0.029939304993493426	-0.12333828566773618	0.08002383103661576	0.9886796709608591
4.570039861303736	4.030139415355198	0.6525177116130128	-0.0316610637774806	-0.12144008207870285	0.07715738872850343	0.9890887831078633
4.577121049270972	4.0315803050755825	0.5691256029115229	-0.030425363471739797	-0.1136421241432753	0.07844274831716776	0.9899527767092052
4.574424334659433	4.031532420339979	0.5134747115459486	-0.03142865729346561	-0.11617404223930677	0.07833821868420807	0.9896357688078448
4.566977889508638	4.02909255452323	0.4911442002161484	-0.03209510782245806	-0.11691330785060008	0.07876190275661696	0.9894936812205786
4.554138612353976	4.0232390088080185	0.475853107105967	-0.03321892357577492	-0.11915901006407291	0.07958476496525534	0.9891227924896085
