4.5	4.0	0.25	0.0	0.0	0.0	1.0
4.503465965762703	4.001392758156129	0.2579435932372785	-0.0008786903829467016	-0.0039399845251492085	-0.00040502651460799143	0.9999917701554724
4.520588104371825	4.006754688789609	0.305371717061132	0.00134578491602018	-0.012157178305747049	0.00011923708988965713	0.9999251860319943
4.540154233953323	4.012560399705842	0.38896451235323026	0.004710954603849021	-0.006922812859820887	-0.006881299680990986	0.9999412629167419
4.549447704494746	4.017396680913851	0.4547262958834444	0.001467799112443568	-0.006805582109979934	-0.012640787841093171	0.9998958646282454
4.556937672596683	4.02671993586678	0.5454962200520459	-0.007076942049478534	0.0062210930696805725	-0.020115407755077107	0.9997532621917739
4.553952372352319	4.029367221741258	0.6108162458469927	-0.01583113926124759	-0.0005034838188268928	-0.022801863838542616	0.9996145239737285
4.550983764635696	4.029527217808	0.6387097310574975	-8.331914176642806e-06	-0.0037151340470215	-0.021067693014247792	0.9997711488238943
4.551389037532148	4.035240336548374	0.6559160830142362	-0.0015336511938550013	0.010824469614594158	-0.02327540981965964	0.9996693123574942
4.560072255306715	4.045146108964337	0.6657551083403636	0.012512621368822675	0.011092516201000158	-0.03118030152055372	0.9993738935893305
4.574992199132005	4.050364413847297	0.6634321603649495	0.009951636287391628	0.018213541492704717	-0.041431107525760624	0.9989257706009421
4.585168765095518	4.048074468230632	0.6621905194759704	0.009550041490169976	0.01767153532291442	-0.04622840936548769	0.9987289160299726
4.6024237512811865	4.036188004766461	0.6762315827601957	0.0063687024381745535	0.03593816310758407	-0.05115143367315879	0.998023756678611
4.617884165814238	4.027138535657722	0.7123281829720981	0.004082856105175789	0.0248176454306478	-0.0406863410596139	0.9988553631094363
4.628483352398205	4.024900746072818	0.749135755419059	0.013783302596461317	0.02933185866442993	-0.048854861266663045	0.9982799533034005
4.641702280237189	4.023557322120187	0.798108603253887	0.016061650915833035	0.03035341413085379	-0.04619271268666026	0.9983420891233158
4.656429552704277	4.019223858111794	0.8825509151391107	0.012825498903685064	0.019620605255831102	-0.04031739553366091	0.998911931075332
4.656866658463104	4.016565615245211	0.9587945216090922	0.002464336193238201	0.03160187762415194	-0.0435322304332209	0.998549044008988
4.649716217546697	4.019310576105195	1.0009106557675345	0.0036121629249287906	0.029711497139375643	-0.05310336825298549	0.9981403766489605
4.634904784924086	4.028108634490363	1.0504340119413529	0.0015208018383990978	0.026439105901413188	-0.051494693378050925	0.9983220709744941
4.620987326212292	4.0346284248915625	1.082389282450442	0.005038428310093942	0.0275767616491192	-0.046137346694579355	0.9985416774962856
4.6142698795707595	4.033966510445891	1.0969686152723357	8.909483572137146e-05	0.020817076288011493	-0.042215501605506835	0.9988916321709403
4.610591013998619	4.028063645594284	1.1076656553904651	0.0019998259590436004	0.01963533496761838	-0.036206239110299764	0.9991494195396058
4.6109471147943335	4.013468146549556	1.1196565814009733	-0.010703219471032676	0.02040228371583634	-0.04376512650023598	0.9987761519051965
4.614923056611747	4.0013047320256945	1.1329150417299243	-0.010157224889904276	0.03082321151009582	-0.04189800229356183	0.9985946714350868
4.61933152678198	3.9983071567028845	1.1460962216248765	-0.004383351260309889	0.027933876460969797	-0.03692266425177209	0.9989180154758164
4.630455314673826	4.002259983562438	1.1769214868046363	-0.009216007839206048	0.02971835396818865	-0.031375316818700705	0.9990232600552681
4.6473661471126695	4.013811691208843	1.2159987272456994	-0.020710985070556374	0.027178583172643368	-0.034311046746667156	0.9988268777847757
4.663176526841446	4.021342287978952	1.2423671644389638	-0.02789517732140936	0.03622069880677435	-0.04056686012431445	0.9981303772152268
4.684832206349988	4.025985285044126	1.2689785824211217	-0.033074053724991434	0.03736159778853422	-0.0404596763947367	0.9979344831034339
4.722078363556891	4.028209153540562	1.3121740886932505	-0.04021983553092656	0.051488238568634534	-0.0588794301085512	0.9961247606746142
4.7674326149212884	4.025275702147123	1.3566699084496219	-0.03703613922015302	0.07294414107104685	-0.07617848845098328	0.9937325166121901
4.801550746046385	4.024131272316049	1.384855735205966	-0.038961116108212554	0.07737698751454661	-0.08330911665363518	0.9927509377065165
4.832391250549648	4.029070010420451	1.4114854299793747	-0.03903884119898984	0.07467075247274632	-0.09146916598520445	0.9922366851094377
4.863289407552396	4.046592571627999	1.436586887562746	-0.04138743663320555	0.08149836773322072	-0.1153369341953116	0.9891119692715178
4.896421430545516	4.078559774373389	1.4591872370021357	-0.038317851990665154	0.07404862740134614	-0.13027808046650854	0.9879656698229755
4.931798890458057	4.123921281497153	1.4762337322401566	-0.035099968401765755	0.07547063755880817	-0.14169945716035914	0.9864042979048308
4.966465770379752	4.182876486344052	1.4847839422286908	-0.032535761288091915	0.07896499637340848	-0.15208145682431046	0.9846711045193455
4.9901178977794105	4.251814753199868	1.4850311383191444	-0.044439915147272864	0.09107131305172267	-0.15524795183958173	0.9826643289192672
4.995921904791272	4.324166873867685	1.4783731250290362	-0.048159813057151404	0.09379579051679525	-0.1633158751477274	0.9809234970232704
4.984023063141605	4.3965672617610965	1.4665916823778102	-0.05458182878947747	0.10111278899673597	-0.17102598681343345	0.9785433765049915
4.958433099671579	4.465497777041689	1.4536342699218434	-0.05946353494228032	0.10306901737798388	-0.18492744650855256	0.9755217604937022
4.926427479363394	4.526432607063834	1.4435151181048325	-0.05704709191132818	0.09958208931960569	-0.19412417830592857	0.9742406479860358
4.895779828263506	4.576992875680353	1.4366275638670147	-0.06484420682747678	0.09985930734132173	-0.20605863361164736	0.9712688541759836
4.8658306638790005	4.617395380234382	1.432411662268175	-0.06983277517227869	0.0983998293528777	-0.2256238841988778	0.9667133597784167
4.830705248451867	4.651779583728898	1.4280476775345936	-0.07258510260267803	0.09462042304864378	-0.24251559185671473	0.9627899906670417
4.783922121563915	4.684758988131325	1.4210489834673086	-0.07879528973474934	0.09210539168718958	-0.25137101911507176	0.9602710606317454
4.723406792534823	4.71766345558939	1.4117348436580546	-0.08145382735288692	0.09004417365859957	-0.2609845267095808	0.9576765621115946
4.649720817625931	4.7467334513835695	1.4027437142119232	-0.08343466585111989	0.08616489828806373	-0.2778632442194916	0.9531035013833175
4.5686459918233036	4.769870672817378	1.3965916718759113	-0.08582361252037729	0.07941474421077181	-0.2949735453328833	0.9483238969306004
4.494483644486701	4.785672280723138	1.3927702612953659	-0.08612429713052669	0.06369938816530271	-0.30554950379007473	0.9461313302733287
4.403355023341691	4.7958756363574135	1.3979197830288548	-0.08288866569463861	0.054802044108321964	-0.31718327344027314	0.9431441968811692
4.326658838081958	4.79481222758639	1.4165301781945032	-0.06822705431060949	0.044336778814242334	-0.33249108400971394	0.9395898031367307
4.252717428380914	4.789097427364958	1.4395067110516904	-0.07320533907842294	0.044975500326776954	-0.3575738652825901	0.9299242515214011
4.177203258859695	4.776144480446615	1.4630329098090022	-0.06369727219603279	0.034038011998130946	-0.37259083758504646	0.9251811384813646
4.102808517580295	4.75259020088305	1.479997864923189	-0.05377193693541596	0.031209930786616713	-0.38352970087229216	0.9214333874824154
4.038385173054862	4.723920090922698	1.4870246306016461	-0.07159363476722098	0.035893213571071725	-0.40642494114861477	0.910167454863502
3.9853432059588174	4.69061548477163	1.4884808458776397	-0.06353035006395662	0.03850405599742888	-0.41084043742183285	0.9086756667103703
3.940453325549568	4.649720250795925	1.4866613446217245	-0.06520687003910453	0.022268301426916763	-0.4100252286774013	0.9094677007455014
3.893937447588466	4.60026282223106	1.479740247320371	-0.0622655547527637	0.028951316328220348	-0.42043052345032184	0.9047226077232088
3.837371691176343	4.542512884920436	1.4674825917461978	-0.04506687166812929	0.033343060682202684	-0.4301214669731501	0.9010287126564045
3.7762256914132672	4.476406823495574	1.4513447963699457	-0.035987286085335676	0.014571316409676634	-0.4339919325147472	0.9000797711816532
3.7321006658197367	4.428643248275194	1.4387103759158522	-0.0412300288215158	0.015011410081849731	-0.4517278219123471	0.8910761567907982
3.680050846481982	4.378300304669044	1.4265648176634684	-0.042359165265006105	0.01666768783205185	-0.4540866778033954	0.8897938965523765
3.626683471963046	4.3217475526173095	1.4168411681217825	-0.04882170383333346	0.011573291145774043	-0.45836731894207744	0.8873454237740329
3.5821779532445785	4.258163070668436	1.4112611695220485	-0.04683024496862257	0.006286407041277547	-0.45700738159472315	0.8882069929980433
3.5484060042915893	4.190825349872828	1.4095805499404361	-0.047220665705762624	0.0010700116526059272	-0.4610672773613002	0.8861072336641918
3.525960349318094	4.12076937678524	1.4124099394948468	-0.03541879908409315	0.0016047834669454279	-0.46463494757800655	0.8847922348385799
3.5154701046421533	4.050731930146556	1.4207103542985524	-0.024794599524973343	0.002716118539116505	-0.4721947118370139	0.8811413079907433
3.516544350460556	3.9525181658046864	1.4414002738067233	0.003457877473551852	-0.00010727062509254392	-0.4840010594353041	0.8750605727844759
3.525882162978855	3.890662066662379	1.4588046191248618	0.021195834444425708	0.0035170265625054224	-0.49007705686871256	0.8714142788922298
3.54270129153036	3.827990216354912	1.4764780076442479	0.02331370445744731	-0.0015252427233684953	-0.4954922354144232	0.8682980994238814
3.5814879674329236	3.7337608554220827	1.4940830795373274	0.03735200803214324	0.01735343191180182	-0.4915658436781322	0.8698659133601317
3.6224474277459575	3.641181060205546	1.498440340539153	0.04182899937501847	0.043056283112029504	-0.5048024579525674	0.8611451502162157
3.6434331302825456	3.581945771632646	1.4979429495895467	0.03850156978935216	0.05037737419486622	-0.5065428552366555	0.8598802737019169
3.660942966007688	3.5236521723266927	1.4971332640045847	0.037964551877795266	0.0437054279316172	-0.5079498838650112	0.859439028582921
3.6800570287388528	3.4605810015998784	1.4946410915867476	0.038697627614371094	0.05110287378757144	-0.5131025746730817	0.8559303346485194
3.709654355381435	3.395145848205997	1.4900690770009966	0.04300841600666146	0.0546041338538932	-0.5156662037447626	0.8539654741464259
3.752368673894832	3.333405048277281	1.486446293847325	0.03802852977539269	0.055979401956081525	-0.5143389420727301	0.8549126213521866
3.8021820278804617	3.2768954545382347	1.486341973108027	0.03877490581596871	0.06482059329223658	-0.5176845552744441	0.852230895118516
3.857407497897978	3.2231775006761274	1.490556506858845	0.04047497967362695	0.06697761636987477	-0.5219182355205751	0.8493980988658497
3.9183877103285414	3.1662798954664417	1.4963826011271375	0.04010866096214744	0.06248507208623344	-0.533898063620743	0.8422824756245517
4.011583796756164	3.085156800656846	1.501223879208498	0.04727098340028086	0.09267435845627432	-0.5379972184499318	0.836502187895062
4.102078405538226	3.028880704651823	1.5021606053411236	0.06705015081414986	0.12334979618482872	-0.5393416775839309	0.8303009453673488
4.162816301115806	3.0063612734016782	1.5018438361538204	0.06342628163183825	0.1336786172878512	-0.5373262944484584	0.8302936753779692
4.2311106288281275	2.990286436840857	1.503082406414391	0.054259305528554756	0.13273432836597576	-0.5449720323965078	0.8261010892998585
4.343932253222685	2.962885816312391	1.5081435747371392	0.03516279690822922	0.14058107036780415	-0.5515931610272923	0.8214289531516124
4.421083123187285	2.9389338617810195	1.5121754629784212	0.02280964383605392	0.1449820465994465	-0.5550337749024697	0.8187780132791939
4.502825909518857	2.9134430312987907	1.5166565161544658	0.02088598156569888	0.14578211072601102	-0.5646997070947511	0.8120502403013065
4.590159901095101	2.8909215397328327	1.5219878416076849	0.020932504336964537	0.15027199320616974	-0.5685147912106809	0.8085611235365603
4.722125585145368	2.8683587480047463	1.5296693406248685	0.0005806717977610079	0.17937227449380003	-0.5625928152011309	0.8070406273833128
4.842748974063778	2.857720911569826	1.5369525207656454	-0.020280785800811347	0.21782924829823502	-0.5656671923651143	0.7950847349779124
4.949205087611909	2.849712543844064	1.5512672046298701	-0.015642043290359117	0.21823180464084854	-0.5753778174938483	0.7880803087635916
5.0484846546989814	2.8419004545795037	1.5710504072062763	-0.0028419702368107395	0.23265974301276307	-0.5772548954908688	0.7827120497464155
5.115707041555483	2.8423844107605696	1.5828931103756037	0.0013929433199733493	0.2416622142248849	-0.5856577660401708	0.7736940060525677
5.191326240161171	2.856743866109332	1.593307791784334	0.004334715019894328	0.24914452890043684	-0.589321389541529	0.7685105814453813
5.278423235876701	2.889560196841811	1.602534947465729	0.013659021307065365	0.24584363233417322	-0.5996943899452547	0.7614072354829988
5.37200556075022	2.9318244101127546	1.6078752555759708	0.0006169320827978025	0.25342106566135486	-0.606550025329929	0.753574448642025
5.496139035207775	2.989819738319528	1.6058276273476004	-0.022771136747549943	0.25498337697722295	-0.6090147517097358	0.7507103202943501
5.561922950857453	3.022434650064502	1.6019196054034015	-0.038835470693112654	0.2605155706886354	-0.6110284472507177	0.7465036371613986
5.619359093161249	3.0588446730581795	1.6001488723647472	-0.03821895359063856	0.2620029721371739	-0.6162597712801943	0.7416991630569687
5.673447035432092	3.1125544137276866	1.5996042132601522	-0.03961285366521781	0.2615686429349612	-0.6210500680206844	0.7377733255337748
5.722742601039513	3.1893402004980484	1.5990025933424088	-0.04317719470548905	0.26415689627845595	-0.6266332261482793	0.7319068683192541
5.778468526166776	3.3182633733198688	1.5977136081262908	-0.06550624739561861	0.24309743734683453	-0.6413392876963182	0.7247734029093
5.814334910269345	3.440986745350163	1.5966429121174563	-0.07689577361780554	0.22660981892766877	-0.6568771276992479	0.7150157124643316
5.829303243490249	3.5480765713042572	1.603839542723801	-0.11911205792891535	0.1995691301205032	-0.6498493351521641	0.7236575996707117
5.8241222607199346	3.6422556404868054	1.6230944998663455	-0.14391113616929996	0.19110222547034492	-0.6287538975804435	0.7398905733851089
5.817758254705944	3.740544018367256	1.6435764754413016	-0.15986433328007943	0.16506831543312975	-0.6307327188725858	0.7411963866132791
5.817666505961436	3.81229582676798	1.6554199252313722	-0.16176777117805896	0.15290660378893733	-0.631545252569382	0.7426986957595205
5.817823550801419	3.891964446011575	1.6674910724065566	-0.1537555129567803	0.14070952179489782	-0.6276631198148194	0.7500660509155027
5.822090206204859	3.9826774329246413	1.6785759490541252	-0.15410868532983957	0.12917006081077081	-0.6300857303808306	0.7500383862620011
5.829747684925245	4.078720781266902	1.687462097595021	-0.155836079430631	0.12863755855054657	-0.6287227344690607	0.7509162523474858
5.836428427775554	4.1761565553066635	1.6933597305585666	-0.1532915067757392	0.1275491409408083	-0.63010517592746	0.750466786650223
5.846342608823324	4.320465470544095	1.6953025117991976	-0.17484922346320653	0.10341543210974273	-0.6411263960478908	0.7400607689551671
5.852590491100488	4.453589355190799	1.6894799247218808	-0.17795091738372137	0.09031421213705301	-0.6493733011870224	0.7338195485225407
5.8495454788623515	4.543891759377262	1.6817410635847647	-0.17780779488867077	0.09843864498735047	-0.6579973787464835	0.7250749415147657
5.834340909290367	4.694526784492822	1.6656533768821817	-0.18960208661316216	0.08545686556746046	-0.6595299539984334	0.7223353879314965
5.804629951819377	4.842560285349372	1.652457901064128	-0.22125915801578575	0.0714535928533527	-0.6574227644035863	0.7167524523197956
5.754729139129122	4.966975542996004	1.648415305743902	-0.24627074441676908	0.04201335116953875	-0.6572951331167385	0.7110194840853279
5.693521346783018	5.0706492254377675	1.648528756939002	-0.21769474472909614	0.030163133089754227	-0.682074726760819	0.6974763441391391
5.633505008328353	5.166199977241454	1.6477610505117393	-0.22715121291307444	0.008031804525343012	-0.6960136971682065	0.6811040668961179
5.5659451697564855	5.253090570619987	1.6469376904841708	-0.22008103420876415	0.010652831418157737	-0.7069478793792842	0.6720681151531529
5.5064656144749735	5.305130509742063	1.6491303470684608	-0.21061671648316668	0.017937086608576396	-0.7227077885576785	0.6580367102372915
5.398897865304854	5.370642901875382	1.658914957422452	-0.20541854419994382	-0.0032672412577286532	-0.7274043332052397	0.6547331386661146
5.280526982093218	5.414910567366507	1.6776392399379207	-0.2083656861964748	-0.05513333345739077	-0.7332279243574897	0.644919271924911
5.15669484739627	5.450886965101459	1.700357964293658	-0.181152380487547	-0.10165649086162612	-0.7280956175406362	0.6532430976501139
5.03883298038866	5.494265396612606	1.7156349179405768	-0.15562466124034963	-0.13290658849666354	-0.7250280679138247	0.6576101461239424
4.935755890818246	5.546117992143352	1.7175404715665956	-0.1255171245936581	-0.16692472998795688	-0.7185306994931673	0.6633967288418363
4.867829001691056	5.584593723695254	1.713369424627131	-0.12276137832956961	-0.1587580127758141	-0.7216682440234589	0.6625107417530659
4.787573683310992	5.623245677880066	1.7106956257706531	-0.12112145838843086	-0.15555252653469856	-0.7207975354399053	0.6645178076698106
4.695897214493958	5.654855037392102	1.7104756845222853	-0.12354339800523288	-0.1635418326305964	-0.7268569506621286	0.6554922357002407
4.598842743308355	5.677439832966499	1.7109413707931236	-0.11808036359319418	-0.17070922576476355	-0.73202186570124	0.6488908815107294
4.459561735326562	5.702408894175804	1.7101644261558788	-0.09416990651054721	-0.17688271396716285	-0.7284533095967763	0.6551338107172535
4.339623037139528	5.723378479238816	1.7008838766454608	-0.08589910614308183	-0.1792548424307029	-0.7204046013200427	0.6644593707864124
4.239942111191622	5.741227097851539	1.684015606985286	-0.06276533928058105	-0.18470935259998408	-0.7286238798947074	0.6565441408574694
4.157235752876308	5.747905707662742	1.668218709521332	-0.06412064002448942	-0.1984225059773598	-0.7373318575527171	0.6425408815650374
4.073817159540731	5.736922663509162	1.6554945896810072	-0.06744954672176275	-0.1954545570445621	-0.7366543343275892	0.6438854451639052
3.9776595403511674	5.711656708792158	1.6464315037474835	-0.05853096861771078	-0.18999212467423718	-0.7455298143148955	0.6361308153532893
3.90425285161411	5.6872655652171265	1.6457999470402032	-0.055009046898330576	-0.18648755684501975	-0.7531765089967591	0.6284278337221937
3.7809451725253345	5.6459374721529425	1.658249554939949	-0.018620835954695016	-0.197774190925514	-0.7511641876544944	0.6295164787815102
3.6632999048471873	5.605860689725369	1.6792240376387126	-0.0016173020360613127	-0.2047251628888997	-0.7566861810749986	0.6208953336790135
3.5643434883694454	5.562639795663091	1.6990667205978294	0.0058134202581875665	-0.2082317252334699	-0.7469530496374402	0.6314007399334624
3.475924700624094	5.506965048230996	1.719436661525639	0.00404201082958376	-0.18984526152507913	-0.7540885370858428	0.6287232436141221
3.3868180285301417	5.437622753460949	1.7410991980961452	0.00511495580108739	-0.1756481626150282	-0.7545056419206516	0.6323312395469833
3.2901247048291573	5.359854578281264	1.7604073274591905	0.00849197452130329	-0.1606021788588323	-0.7632000251460912	0.625827890183501
3.191031832226914	5.2772833373545005	1.7724968556774237	0.03780704092231432	-0.15387512380393828	-0.7589812797754505	0.6315381943172098
3.0992795749087056	5.19980859984224	1.7698987984703773	0.03374811422952497	-0.1317375284300825	-0.7628529809879768	0.6321088654550281
3.023325012923243	5.12744868270261	1.7554009121055285	0.03958977122716725	-0.1293887268390976	-0.7604821773061728	0.6351047672477367
2.981895488364519	5.070767094623582	1.744843537662878	0.04182875794140816	-0.12799686789482778	-0.7573854606592849	0.6389322505556572
2.9415581772998602	4.9940352550809175	1.737430401146747	0.041571792510486566	-0.12322018314584995	-0.7732369410109227	0.6206393522723488
2.8940424616369915	4.896933808602189	1.7333251944709782	0.03543671283538065	-0.1176863343696089	-0.7803288393913028	0.613172951540013
2.809552895088176	4.741517939059963	1.7312005910013388	0.05866414049220117	-0.09135334117768917	-0.7864143953958354	0.6080834518305759
2.7518948300167474	4.642785612449282	1.7309887294530142	0.06449676069540952	-0.08155132229121345	-0.7847963791673382	0.6109698789123655
2.679140416494102	4.506326385036407	1.730696137039755	0.07481882324151731	-0.07590872884397247	-0.7826505313796754	0.6132684194585274
2.6368426975890764	4.377163808302254	1.7284454476107722	0.0918210564114658	-0.06998145817906537	-0.7855757652614599	0.6078998323280634
2.625793019396683	4.286879389972377	1.726392431744535	0.09402818483413891	-0.07214099783638747	-0.7876615429342616	0.6046020763034041
2.6205541314688294	4.182202155100773	1.7279222157403784	0.09636245193641416	-0.06801110898733195	-0.7918793886902191	0.5991792725710077
2.613298872420777	4.009484591890003	1.7360163499970453	0.10289179822070249	-0.04462778548444428	-0.7807317630629987	0.6147190844330505
2.600420143848204	3.8475743747269737	1.7501093858046401	0.1191750030702333	-0.011942407330015031	-0.7767945451770522	0.6182595993056251
2.5888064966244273	3.74529455218218	1.7662106622911513	0.12493797702297585	-0.016259448772963973	-0.778683009271642	0.6146372127480301
2.57881480151928	3.5917588565243217	1.7969637717041496	0.1318980027938957	0.002445352844329381	-0.7809996080639262	0.6104396360922539
2.5819992496585935	3.4471439743188754	1.8208336153679343	0.13467584071518124	0.02479253878784029	-0.7749041742290391	0.6170666647215074
2.594377947731131	3.311917761139899	1.8325759996152915	0.13721170074652725	0.03731427158433287	-0.7794053491294984	0.6101703828134418
2.6054027089533913	3.184684292979505	1.8303789429343742	0.13518475639276994	0.049537667189533674	-0.7848740662381303	0.6026971057797366
2.6172275392331668	3.0648518830643887	1.8145937495368567	0.14719117662192693	0.07227367053672341	-0.7833683559761356	0.599537565901462
2.646939018505263	2.95329894586415	1.7982513595933143	0.15630907444589193	0.09597374747651911	-0.7897273220406975	0.5853949691136848
2.703556406262074	2.8505525702949974	1.7906619630749823	0.16671552014793756	0.12489224337906289	-0.7861905946864032	0.5818180228492312
2.777608895034105	2.7564654093594023	1.7921182830859923	0.15816949315520606	0.14349375403348028	-0.7969661508024534	0.5650105383650175
2.8313148290796573	2.6986049393830136	1.7981955043781235	0.15944008178357008	0.1620317132496939	-0.7951326554148956	0.5622176131313176
2.9154767657162006	2.620521204217529	1.8126004592335576	0.13779607041978506	0.19154596506047167	-0.7980802236321834	0.5544279420205332
3.001625194235848	2.5581514417527496	1.8368880119332927	0.12899689200946804	0.20617205008708347	-0.8043106385659403	0.542159832802503
3.067214600847177	2.524845424130921	1.8604520297347271	0.127734937632159	0.20267783190145794	-0.8058529145642689	0.54148551435113
3.1476502744402066	2.492904268163503	1.8846612273209151	0.12187950623292886	0.19587381789326533	-0.8092412997599685	0.5402845104082958
3.2857185190691296	2.4439148407926283	1.9053997339753634	0.08490825605818485	0.2108348743879622	-0.8161005784610588	0.5313370772216983
3.427626299337583	2.397976592564273	1.9018030557588934	0.052252021786889556	0.23304373465253916	-0.818274162879843	0.5228649331535568
3.527836365204494	2.366280298588453	1.8904219671228173	0.04979539799060697	0.235656317581835	-0.8197187355174512	0.5196611520639185
3.634152474308762	2.3346219050119434	1.8778272095092574	0.05593004509704184	0.24206059912263378	-0.8200241673446155	0.5155956374704953
3.749680589510416	2.3060910710198974	1.8657888849240931	0.056226305002088216	0.24896608019204086	-0.8166722765464206	0.5175914279237157
3.8734821338518826	2.2846934641511534	1.8543458579526328	0.04776241178308612	0.25380677720201084	-0.8204354594324026	0.5100848250761202
4.001367564700276	2.269165400376549	1.8447444850176338	0.03377592867676485	0.25473859814055866	-0.821474293801199	0.5090652393193121
4.131307684512583	2.2507007029817196	1.838313629293266	-0.0375559709129196	-0.2579214854802638	0.8271580388393389	-0.49787110295728304
4.303615517100404	2.215752174525515	1.8374450496972774	-0.009012443916846514	0.2785730729505157	-0.8190395424187235	0.5014878331884859
4.444415539770134	2.1888588639190183	1.8405062735999764	-0.02923240610774947	0.27763414094223077	-0.8077641921756744	0.5192126347222336
4.538092085774363	2.179983199937985	1.8407022783400615	-0.02466496168361165	0.2798872259333866	-0.8020137285184774	0.5270946401665944
4.643091750215175	2.1743698799722124	1.8432353249903806	-0.01843014980547751	0.2758101076222062	-0.7994705365917129	0.5333253933888162
4.75721295083584	2.170797732865627	1.8509346255297439	-0.018802919273363004	0.28478491042968446	-0.794533904752024	0.5359663041813912
4.874006485893257	2.171511533932144	1.8624476212167052	-0.01604072602144311	0.2765691935489141	-0.799082992751982	0.5335902425859625
4.995368428221222	2.1764532416609628	1.8753835003259962	-0.023257430094585762	0.2736763250427798	-0.8041650080017226	0.5271422966923314
5.178116548565845	2.192726572000735	1.8891255598715584	-0.04865088544293418	0.285514043682188	-0.7985059390300091	0.527733917367142
5.335540623982791	2.224523699440896	1.8888016059182406	-0.07800674782619639	0.2867858777581069	-0.8007410461032387	0.520079402300827
5.456030881438028	2.270904061258502	1.8746866871019914	-0.11667290285966349	0.2898021795062876	-0.7969003525259265	0.5170608848440977
5.547692918387819	2.3258469260217933	1.8573792732145502	-0.1147149959735901	0.29112338710141583	-0.8040610104298579	0.5055428119238732
5.625875327322448	2.3856640849277477	1.845440673685086	0.11253949080405218	-0.2955174909274139	0.8150480383871498	-0.4854904434556778
5.697863777706769	2.460126088433658	1.8390607149197222	0.12551123030971734	-0.2884741617381	0.8236143462118013	-0.4718993513343176
5.760352111667186	2.549368270298121	1.8367241210632776	0.14098385461107796	-0.2659370868078787	0.8357521771900376	-0.45925953111639856
5.81326622592196	2.6470885938373314	1.838862540642589	0.15581402772023287	-0.23445229354457017	0.8446344394589254	-0.45535346105766805
5.85849962613938	2.7544593786123053	1.8432903295503533	0.1670402769730469	-0.2051294352624264	0.845350052450741	-0.4641150175109789
5.908397414350565	2.864713725745707	1.8485192352724227	0.1850844798673159	-0.1893527174058255	0.8529590535882116	-0.44983345431968275
5.949649948192248	2.9437276708964175	1.853741803778451	0.1859709512540222	-0.1748990562720129	0.8547241056803484	-0.4519644107380171
6.014249936367141	3.0779238039466943	1.8596922976852823	0.19429922880284367	-0.15248443624301478	0.8560101261361803	-0.454139813650589
6.052269675531991	3.1737219304699567	1.8616087956320893	0.19217117947953863	-0.15036526952259824	0.8534286687855027	-0.4605649039970859
6.082986137307952	3.2723508981941136	1.8606216002500897	0.19780434520775816	-0.14034305612147396	0.8552105403778794	-0.4580307841641119
6.109025568641039	3.3724070299363387	1.8531211527683762	0.19732178889896745	-0.13653283139444014	0.8597191777277957	-0.4508944810309529
6.137642296578405	3.4751188330292324	1.8381926534163953	0.1939044804550565	-0.12565898761410185	0.8650699272940098	-0.4452694601954991
6.185064369328358	3.6251871728748584	1.8061346928503565	0.20397399120663437	-0.09509773586759396	0.8655991917840772	-0.447313168514908
6.208005805513389	3.7194174426143443	1.7822705485586907	0.21120772540632274	-0.0835227756265808	0.8685647470184531	-0.44046625627520053
6.223730369067728	3.8571844172742002	1.7457977712108088	0.21224244269669765	-0.04513312096712994	0.8707358241419122	-0.44128819547526
6.223973021265458	3.948180938237577	1.7210933373378259	0.21183655617266275	-0.037225004632170745	0.8696234168110134	-0.4444037414705016
6.210838590375287	4.043134751745358	1.6962163477427759	0.22096133920789557	-0.03543592170724785	0.8676064143852489	-0.44404897449018366
6.187624695659637	4.148603039661547	1.672524224913299	0.22058376458106677	-0.0383504415924869	0.8657400839352938	-0.4476227803637982
6.160546545119988	4.264163684536365	1.6527324909107568	0.2228680165928939	-0.025123996326449464	0.8681847029638847	-0.442666865179731
6.12041668876661	4.436570629075977	1.6303416324616897	0.22647853744037158	-0.005317313603724533	0.8672098697410083	-0.4434255744526855
6.088399572709774	4.590322739575678	1.617330018133024	0.23383696992524375	0.03087601377672329	0.866653161694876	-0.4396353495724795
6.07033906907504	4.681745160116725	1.6132610940832293	0.22960730928900291	0.02686130200507871	0.8657611177699956	-0.4438655662847758
6.050061812355471	4.773088709487391	1.6102630001690954	0.22706086190924693	0.025303496899778042	0.865136544720134	-0.4464771629360019
6.020792060486417	4.904633242237437	1.6061230833866127	0.22541922367644462	0.05248251702098567	0.8649043341114332	-0.44538999970757104
5.990639414556789	5.018245564176494	1.5995137358016447	0.2169107344589596	0.06303866520754775	0.8660537367531437	-0.446012090667106
5.9466562771499	5.118272980158646	1.5940645545634387	0.2205428490746021	0.07964212361793536	0.8641187280561033	-0.4453277531104318
5.89165160316134	5.2128399408084665	1.5878750240350483	0.21511189847718634	0.08902753896238949	0.8655610909358453	-0.4434015858088365
5.838781388291535	5.304170728298741	1.5780406818426644	0.2043004725990763	0.11448128836603604	0.8616989604325459	-0.45014470240059146
5.796622553591948	5.40080563749816	1.5738481336050372	0.19821495494326488	0.13981237903941107	0.850920662682944	-0.46593707313692045
5.762554745286873	5.504357277568079	1.5801500271117859	0.22246538260326612	0.15747431042717522	0.8479193241812832	-0.4546909002593133
5.725849797399943	5.60603372361485	1.5912116341069764	0.2038480032398228	0.16821299334493403	0.8493163963900403	-0.45695955977319375
5.671311688240855	5.6952395081651055	1.5995984804523715	0.21111024944547244	0.17540147036935366	0.8486136210141194	-0.45224076441719013
5.596529403394067	5.770565604072118	1.599357513640857	0.1978340504564161	0.17338378897563608	0.8512674491104629	-0.45403026362284105
5.53751930762665	5.820726245712922	1.5936302826102424	0.18109686221078167	0.16419536637558088	0.8565659376167962	-0.45446518312501955
5.468550114519971	5.875350547502694	1.5868738843285217	0.18565044753928175	0.15354431077473635	0.8658971956847968	-0.4383835107099503
5.352115171039832	5.955468575841973	1.5755485399243676	0.16774332650666873	0.18107633043802313	0.8744964450215565	-0.4175278513012486
5.233355045658177	6.011909004491286	1.5624922950145348	0.15378567646145314	0.1982147866485841	0.8799655022204973	-0.40338762867864253
5.158570421211706	6.033414466552229	1.5552158511183427	0.1463390122278753	0.19698770447224728	0.8815726734947817	-0.40324974784144385
5.087622297345776	6.048131871268312	1.5499126765441291	0.1352838901767226	0.1938646933164379	0.8890109862061978	-0.3921405566230816
4.987439278402728	6.065088370769066	1.5485010424201089	0.12062110085129957	0.20345812604977775	0.8854267836764973	-0.40009342874137216
4.894003098728643	6.0851239157001125	1.5539711755718582	0.1274098363416995	0.21022698832043712	0.8848667904996326	-0.3957045742166499
4.825133205884171	6.103454775669121	1.5598043402696105	0.12513330945370785	0.20037459982795913	0.8880806780571234	-0.39434044158638915
4.743003537851941	6.124363831181303	1.5677543441251456	0.11237233370539075	0.18636868314659047	0.8933960715762103	-0.3930427862866914
4.652646332974254	6.145748960617353	1.5780466005920175	0.11071476572125762	0.19478856669317401	0.8959302303759047	-0.38354749019578394
4.5568820301344095	6.161727940348789	1.589791272539082	0.1079128799673245	0.1962942322510236	0.896699814403661	-0.3817758865755927
4.4537053335578	6.164069025618775	1.5996303681935147	0.10956129322461743	0.1955841363025888	0.8982453740614278	-0.3780190691366856
4.342435134908781	6.150999424425963	1.6083281138351284	0.10587656861539999	0.19764592643852522	0.8994793775383637	-0.37505078237977857
4.223941707233469	6.128472813652156	1.6163145286123364	0.1045059217060809	0.1959921185480761	0.8983299903789851	-0.379036713500279
4.054376189078375	6.102485205528131	1.6209787499787223	0.05904056951981304	0.18530623888704711	0.9021447609954693	-0.385111203665566
3.9214078517188797	6.088587114498245	1.6188966123763457	0.01539599694073386	0.17533602362409478	0.9051766398385962	-0.38687917078643674
3.8232402407484276	6.078858383015944	1.6184034676673582	-0.019910888397361447	0.17358061512286418	0.9028076686215495	-0.39295246538852396
3.735352540260735	6.068277708098789	1.6152345820498182	-0.046408505993568	0.16119335631525747	0.9066807693441906	-0.387030922476092
3.6448220550530404	6.044986785714674	1.6060467706625678	-0.06193769773609484	0.16366654872292663	0.9087905766075687	-0.37878314415713055
3.578787679701381	6.018079758855648	1.599737422832651	-0.05745554390847962	0.15387079309319154	0.9115116826904536	-0.3770531684336728
3.469503525444915	5.964374939155172	1.5957185042753466	-0.07808348949671702	0.14173647342979664	0.9217718423072706	-0.3523498424821015
3.3696673538026505	5.8944265461021885	1.5967104133340142	-0.07273108974484453	0.1445727822489597	0.9208060247407345	-0.35485935808216895
3.297755385148964	5.802102704855077	1.6033302741480384	-0.08157579928596659	0.13236363785449137	0.9231840878193229	-0.3515058980187759
3.264938399297194	5.7269193265322045	1.6120141835883843	-0.08847802101881326	0.13184438225588127	0.922750508233974	-0.351169756981012
3.225298662676128	5.604894599486889	1.6226737560957822	-0.09332184959269026	0.09113864313540687	0.9279787798799485	-0.34905610467166914
3.186814279462072	5.49380196612735	1.6226790459800764	-0.1055873452908765	0.04494652989115491	0.9282010085353045	-0.35394068672478607
3.149189176668229	5.405552081037211	1.609983768382641	-0.11028877843918097	0.01794384286966717	0.9282186884215049	-0.3548583806513862
3.1215750924992696	5.333215000935783	1.5927177465428175	-0.11567476917218524	0.007516577754404949	0.9313130005866798	-0.3452809635268927
3.104083734073687	5.253159124261483	1.5854416105753213	-0.12578244456270105	-0.001947900722188066	0.923627714932783	-0.3620591478345139
3.1022174415488344	5.1591804640590215	1.5869145691758835	-0.1324420501559202	0.008764147271367161	0.9292436390695674	-0.344802193035153
3.1212916392431245	5.062304844245058	1.5833617374265716	-0.10909932900038598	-0.016074376597010998	0.9328649160012161	-0.3429314790489899
3.1387841633124425	4.99081410511748	1.5765910771299039	-0.10090807302429122	-0.022303644712847532	0.933345939609405	-0.34378112985689746
3.1548488140419533	4.901990832323075	1.5644415801512541	-0.09596996856509535	-0.016988641783489543	0.9409924922926557	-0.32408992676851894
3.1682824571099957	4.749474542104268	1.5350237586237958	-0.08385962781451115	-0.039437634805007366	0.9458589273137158	-0.31106771835847297
3.1759084420060586	4.602296251454763	1.502469248265804	-0.09056565004332741	-0.06462418999076935	0.9478043989475464	-0.2988116437422539
3.1867660871339067	4.470744496951349	1.475527562915161	-0.09351401039940094	-0.08862002664749247	0.9453222143666741	-0.29961230241915515
3.1953488567121417	4.385377597763716	1.464080752902993	-0.08841599618176704	-0.085087915769238	0.9454952928101779	-0.3016310817588762
3.2113695179563515	4.256377391676404	1.4607003303761117	-0.08161910287401045	-0.11117845036641222	0.94393914519231	-0.29992759858635365
3.2280347462276127	4.140203164154079	1.4688173427737066	-0.07521752238124993	-0.12972854679957438	0.9443231118772903	-0.292859503595988
3.240699102649383	4.036435009687132	1.4850287530615622	-0.07955417690526524	-0.13516336616208185	0.9431866949569245	-0.2929178312102134
3.2571231343461027	3.9383842841669265	1.5020607536924937	-0.07771433877462307	-0.15235843538954952	0.9394602100292527	-0.29692070066983345
3.28809038197394	3.847839621449486	1.5119911347427808	-0.09152981028817075	-0.1464800291910335	0.9395306618249354	-0.2957161313956431
3.3275348523797588	3.7605351154802	1.5202080274073675	-0.08164758257548999	-0.15084138648264012	0.9383774251929431	-0.30004725673106386
3.373128386416322	3.6676091973540332	1.5310504722429619	-0.08391942188965151	-0.16782668237427503	0.9377172305157682	-0.29236643259237133
3.4221067386808786	3.5639395387497026	1.539512019586393	-0.059090730366207975	-0.18370840668527508	0.9401090500078711	-0.2809884001008667
3.4724887461237275	3.455379801970914	1.5384505473874641	-0.04158103817974427	-0.18661126907177503	0.9447032797060709	-0.2664262840485346
3.5142740983893153	3.3820456927650597	1.530554511186826	-0.04641626919277351	-0.1831747770778015	0.9468049676750554	-0.2604858617709607
3.5726472593619234	3.3071756740068268	1.5187082227079687	-0.04642571949732816	-0.18645656973279787	0.9486704524665533	-0.2512030509160662
3.679706593340219	3.2042329089233004	1.5038302150609513	-0.02428606583238485	-0.2151763289057928	0.9426210136267646	-0.2541160348231944
3.792475449249335	3.1268823337633505	1.5006058895651153	-0.002413094089419548	-0.25810753495302236	0.9316830690904919	-0.2556195144106035
3.870943236336398	3.0891831550183917	1.5054662156081011	0.006327892435155397	-0.26381875095887447	0.9318372378683035	-0.24907626651650325
3.96045800614567	3.05806768986249	1.5112488818738097	0.005889638487699577	-0.2668554187293966	0.9328981076556522	-0.2417738993062461
4.061512312391234	3.0356335252009714	1.5137280206258212	0.006488692314896904	-0.2758900535543422	0.9314618242025707	-0.2371106182250071
4.220118145584764	3.0167783274124336	1.5084118654184997	0.043171852232041674	-0.2791528194820648	0.9292412079908369	-0.23816102099587974
4.3753680827209696	3.013610508322919	1.4952018035761057	0.07678130305380064	-0.2789632474791316	0.9276859751438193	-0.23597217967107761
4.512100244021099	3.0214620900676907	1.478616456060571	0.09865907742730427	-0.2667916502863461	0.9319286088227574	-0.22493925810396495
4.630536354661837	3.0325191535320437	1.4645969614183172	0.12063581960612006	-0.27004302427427684	0.9320779053158296	-0.20917586498164317
4.703856190941918	3.041281031772587	1.4595095872734407	0.13993838917033788	-0.274087395428746	0.931122984135203	-0.19571237906339212
4.774920900850314	3.05808305597598	1.4561860914096776	0.1426451792794135	-0.27705724546702326	0.9309906835901771	-0.1901262281508406
4.888847037288995	3.1119478415247457	1.4503808265524916	0.16038435744377277	-0.27163989445266185	0.9330104787736687	-0.1731475443880895
5.006509397994511	3.1970682291835226	1.4429622917273566	0.18963647195454547	-0.26536903976343656	0.932082416201671	-0.15760599813243384
5.107207167449637	3.2994763799037448	1.435368416109601	0.2115601709453128	-0.2483381188111762	0.934005355179529	-0.1456175446533805
5.165639011231816	3.375729825483635	1.4294845512384844	0.20920493685655783	-0.255047569009422	0.9353573807693547	-0.1276346433282176
5.223239002017409	3.4656757074257722	1.4211852270144993	0.20663501941324364	-0.24933491263801216	0.937547181561171	-0.12704075109424204
5.275877726570819	3.569734673493917	1.4118073176750094	0.21046404961434823	-0.24091245656442786	0.9405706889574912	-0.1139861884881383
5.333933374536938	3.7238769942060106	1.4023448380516876	0.2197916078837162	-0.21072986803584554	0.9443567386880803	-0.12439823919935418
5.357488529308049	3.8603153661856564	1.4053867200489378	0.23749837850094388	-0.17200205480359185	0.9499311965944679	-0.10789131146375068
5.3504313548243765	3.9806382080232456	1.4178037004576751	0.20165566318969827	-0.15921495420418524	0.9615135822436601	-0.09735102989823706
5.340966982736641	4.060944162828375	1.4268538783727522	0.19720501457451853	-0.15699999471464302	0.9622538061320619	-0.10260992384086118
5.333460427640766	4.1574190569851615	1.4355535172204659	0.20802503490848312	-0.14215509263722928	0.9628395288867679	-0.0972499671040201
5.319236950687492	4.2682804397089935	1.4414070074938403	0.2067966574538942	-0.1349341863712407	0.9651964977208467	-0.08616048167019949
5.2910170735807505	4.387124696712563	1.441332175070305	0.20553183223403554	-0.13696461714696298	0.9656881622423226	-0.08027286523697146
5.247367768377522	4.506039056688376	1.4362565587303013	0.20809163475733455	-0.13295391965114337	0.9663715313513691	-0.07174392090643243
5.165014899664069	4.65437124038442	1.4268454829114214	0.1893337887431436	-0.10489954017492162	0.9743549706364333	-0.061491414907554554
5.080443566439078	4.761298219277261	1.4114495752359173	0.16552890021160907	-0.09254380903570988	0.9808327229762566	-0.04475484490957853
5.00310403658073	4.847512611937997	1.386620487891703	0.1342288192179086	-0.07396441868123847	0.9879762906626113	-0.020365115984470397
4.926568065020949	4.918449387425194	1.367806444172707	0.11683863269143543	-0.06296876436681817	0.9911526869012203	0.00014097306406114145
4.835626192989988	4.965388196872009	1.3608094117174827	0.10050417984031698	-0.04949773277156595	0.9936527188332476	0.010156704209346492
4.731010721430128	4.991343132388877	1.3591350772132849	0.07147279447333442	-0.06378959507307584	0.9952872507153809	0.015027167863748603
4.617068039901505	5.005774441397095	1.3667225429755643	0.059485025076787344	-0.06347411859432202	0.9958513167460026	0.02669687239250838
4.490006300996239	5.012096782745166	1.3841897089664081	0.05979422751649084	-0.05482440198978731	0.9956994606889126	0.044738342458994024
4.358182270285884	5.008242392824081	1.4021432250578518	0.015542489649427471	-0.06589503296157402	0.9952505908889723	0.06994667241294064
4.268757439985542	5.002157908708509	1.4098743441639354	0.008880359645060672	-0.07263087906163718	0.9938241804882371	0.08342297582916464
4.170674993686276	4.993879655516844	1.412940751671572	0.002856293828957106	-0.07322104086216083	0.993850496015659	0.08301633772971495
4.023366813583174	4.965018738423735	1.4083955695249093	-0.02619607239124108	-0.06195639188165251	0.9936074610270026	0.09066082223184747
3.8984646844520316	4.911493402456795	1.3955822779055653	-0.05826903078169368	-0.09046957646784727	0.9900067665904646	0.09114042950625667
3.793948746220791	4.8448598466503	1.3815239455421706	-0.0876929797476637	-0.10046028087915371	0.9861478305656716	0.09864141898451172
3.6957657896639966	4.7799980611805974	1.3677936898800125	-0.10190632683926176	-0.1150648019579066	0.9826731068857271	0.10357971280164235
3.5975534582374973	4.720678831537707	1.3557940982656351	-0.10135225965732984	-0.125554613131379	0.9792976568007352	0.12222871171853776
3.508300208051661	4.6539218613219635	1.356915525777856	-0.10858654682640008	-0.14079214697050813	0.9727517978969301	0.14879675026036018
3.457131630232538	4.594811020619768	1.3641111259204182	-0.11704791460843933	-0.14980694752993687	0.9686159561515234	0.16012742939999186
3.4021732270929625	4.484265048089816	1.3656588790147228	-0.11352933835602905	-0.1643995663148702	0.964135864324174	0.17471664789539637
3.380850966557639	4.400084336977947	1.3593419030101463	-0.108088155444902	-0.17109230621787205	0.9628726148326322	0.1786636533012215
3.3666868305146194	4.302755825424672	1.350473583990608	-0.10652157687691657	-0.16526205527215257	0.9616910542906377	0.1910285916930809
3.355991082293593	4.146069042089762	1.335615884825711	-0.09445016618131295	-0.20066435653176753	0.953866648793704	0.20236451874052344
3.363388998180824	4.00918447601569	1.3220863100112348	-0.07228710485848908	-0.23138855543134618	0.9496919447824943	0.19829049624683862
3.3925122330339796	3.9077934691622302	1.3101739302403208	-0.0694157841308437	-0.2446700788520702	0.9415720722009917	0.22081674365671028
3.4255480093723625	3.8499534606003114	1.3040869722368056	-0.0690875323866459	-0.24046958685051836	0.940641587879593	0.2293353305097675
3.4791378588210966	3.783366767648855	1.2998106675173977	-0.07205728207715154	-0.23528658759899376	0.9409898386365988	0.23234907656012677
3.5879791044161746	3.6732851442351153	1.2960541989616514	-0.04311616090285214	-0.24290251861169257	0.9398640709002926	0.23620942265673192
3.6968844791507163	3.5720918386470024	1.300411093541309	-0.0038854740145182077	-0.2591075720931955	0.9321458317054794	0.25288795465532404
3.785377623830182	3.4856919637717554	1.3137258778155807	0.013874345411208348	-0.2790969660763479	0.9284430266543465	0.2447568841183141
3.84049577299626	3.4307888288806505	1.3248007545910363	0.018154253123210746	-0.28286218504861776	0.922216472118791	0.2630136610821426
3.911519945622736	3.3793428560272094	1.3357760101219507	0.011198985464538373	-0.29096702701105714	0.9144609838154926	0.2810229189872499
4.04730959362953	3.323316591532406	1.346780183671946	0.05632235817505261	-0.2937918677786305	0.9106878652884995	0.28488900016150437
4.1949695516719645	3.3014557351827305	1.3462910247606008	0.09310235907231007	-0.28347641344220464	0.9140249033153071	0.2748300381627882
4.3295324412993	3.3134953712725297	1.3373244194130374	0.11637244039808546	-0.26697752255709717	0.906574938452748	0.3054543149711036
4.439795261794508	3.3477742398504544	1.327338025276889	0.13336377695696555	-0.25413300327327304	0.8980440032050744	0.3333878941270736
4.50888181339224	3.3785448181911963	1.3221441004737406	0.12898017990449764	-0.23955785934937907	0.8966298054307622	0.34932955390138565
4.612278613810663	3.4309202653323925	1.3163282182968736	0.1457860000188993	-0.2269301232478947	0.8929585464142288	0.3603806262092533
4.706049286424825	3.485782890156257	1.309791162681211	0.17235029199339522	-0.19187587865581793	0.8917244110702017	0.37189595149900756
4.791430878932458	3.546947326909487	1.3026605651869496	0.19748741318808413	-0.17038317691231228	0.8884855536138793	0.3775734573258376
4.873278244302622	3.6204738590456707	1.2967631013568546	0.19597518829225366	-0.16032404300964195	0.8826354509679267	0.39603609368529025
4.945525416249349	3.7107532673469112	1.2878834320126622	0.1909255252299598	-0.1505190976494703	0.8754266904369653	0.4177553766608349
4.996619575746999	3.809807122361415	1.2758982338393743	0.19574968802625883	-0.13095726976564212	0.8611646753094133	0.45047492175745507
5.018574669669159	3.915169694040271	1.2657752753949518	0.19339948666214782	-0.11456185774236972	0.8552022187507664	0.4670132592905713
5.009892454641018	3.9946014900999014	1.2616077162139578	0.19647745084221954	-0.11019639578129367	0.8489762682797831	0.47800906012866606
4.974221854453363	4.083252396458034	1.2586566384565598	0.19965328618478692	-0.1094366444494913	0.8397544867068445	0.49292452588908225
4.887534415221163	4.213003949750767	1.2536110271863294	0.17096378844717103	-0.09658299692392405	0.8474186850200742	0.49327951510663176
4.799681090765371	4.3186475996531275	1.2480925896805308	0.13353887158532013	-0.09143072630499062	0.8522197944986114	0.49752307878912216
4.729234602081573	4.401008723194656	1.2480297305780608	0.10871826692631131	-0.07848158119735124	0.8445859463269328	0.5183585237230546
4.666269437896858	4.461566526442281	1.2521027093080204	0.07184939428451859	-0.06437678608177756	0.8344584484244428	0.5425609567668892
4.590099626472616	4.494855580451324	1.2576901710970518	0.04289440188377059	-0.06001125722326247	0.8265890902045288	0.5579508896384773
4.483890774604371	4.502545131424967	1.2710377459864555	0.042164847821559645	-0.08374386279720268	0.8162431492391774	0.5700493069657219
4.360174761667832	4.50885030692371	1.2861835356215898	0.005142801172365643	-0.10577924143992969	0.8056451516864426	0.5828552077837387
4.275591250673688	4.5180976853707095	1.2934877427818048	0.004956517486363269	-0.10324992911595746	0.7976190466751087	0.5942379501959205
4.18539096338959	4.521681309441479	1.300203210516076	0.0012325392034076487	-0.10919490951586482	0.786507148377091	0.6078498647977739
4.08746920919165	4.51269981587074	1.30525735600555	-0.012447668398047104	-0.0986827253467663	0.7783429430100843	0.619910508328411
3.9889506796984087	4.484862212503101	1.307406018662787	-0.03181100046971054	-0.09786128161430792	0.7738301824473108	0.6249784624636949
3.902918248485866	4.432368620018846	1.3064677048408575	-0.046509650927716396	-0.10127255929177652	0.7677943037010033	0.630929971002621
3.836479376076893	4.356489550557276	1.302017832219935	-0.0604933598007174	-0.09906704604591832	0.7548524234810416	0.6455417047507901
3.7803306455649013	4.227092562769894	1.2943319005864964	-0.06695297596000827	-0.13215056498193722	0.7245546092317512	0.6731078260026985
3.7731180437945517	4.104154921365362	1.2886034906095638	-0.05505810306766294	-0.16463659224302224	0.6999816256191016	0.6927402987966245
3.803059785484405	4.009229492225622	1.2862375422609138	-0.04200525671350923	-0.18651854866738438	0.6815720606937719	0.706332722938058
3.846365585290694	3.964776259318419	1.28760232934434	-0.051753722829042316	-0.17882913009949264	0.6668062237494304	0.7216031834534956
3.918134394744047	3.928906392655935	1.2894739452365207	-0.05168687539383267	-0.18145151733640386	0.6514331545877233	0.7348732263950211
4.0167178474439185	3.902130154206652	1.29012287061797	-0.05038118829094133	-0.18004900954229738	0.6428454848458187	0.742828225529009
4.130637828040029	3.8881886533134438	1.2897842544958549	-0.04502082217692282	-0.16823599487737184	0.6220661181636661	0.7633501950159729
4.244960778012807	3.886445139373493	1.2873346209993668	-0.03686876475353353	-0.15976563765270946	0.6089091101088917	0.7761090972520363
4.377591529532125	3.902036527079134	1.278231166174389	-0.009001840900033054	-0.128590499219361	0.6003098620303542	0.7893107879156501
4.454409622098279	3.933676238771069	1.2622076353540475	-0.0032847758740674592	-0.11720188960514202	0.586537515069785	0.8013904608467737
4.483716187897523	3.9600969868268514	1.2455997529640102	-0.00961430645101457	-0.11490377847000928	0.5896048089033861	0.7994190741549665
4.502167038577796	3.9856851334967804	1.221048828282633	-0.012626518641464253	-0.10886085865103526	0.5929851574553584	0.7977208080013967
4.5119372098416015	4.02251430217428	1.1713141677018388	-0.014440304647519372	-0.1017880287804495	0.5975689266191617	0.7951993792363656
4.506729606226957	4.045245845183511	1.1196178616861856	-0.008454707518701707	-0.1024451775032708	0.6035300457168639	0.7906864027186112
4.501631369694389	4.047899828340616	1.0794578138740203	-0.004889189907750271	-0.11336005178116901	0.6215757392286285	0.7750930233750023
4.500488016105925	4.0455875042811185	1.062054947442166	-0.0049593845427338525	-0.1132958809289541	0.6122694896085811	0.7824739739850383
4.500138042145114	4.039599900361745	1.0499932829536223	-0.0020995888877343967	-0.11571198863696434	0.6071358704609725	0.7861249024244047
4.499292813154726	4.033183211319923	1.0270794867009636	-0.004046229882049045	-0.1256116904578989	0.617571032313078	0.7764092679069532
4.499732041685095	4.036283292955374	0.9834156328601154	0.009338504771172755	-0.1149088293206533	0.6205947105326132	0.7756100557185543
4.505650552554257	4.041279453143164	0.9392646394222395	0.02681856217693487	-0.1204700841431654	0.6155441653612266	0.7783785094920418
4.520230863711243	4.042918050412591	0.883369066742414	0.0312880713201215	-0.11656521807911306	0.6081459842184804	0.7845967552865438
4.548520366777909	4.037046812178061	0.7824314461972862	0.026664779293020625	-0.11032381990697485	0.6130149395537997	0.7818761591136032
4.567055572661812	4.028888233489186	0.6762019160112518	0.03658437370826386	-0.10633444283660134	0.6246776406988932	0.7727434341861918
4.57089886252318	4.02718845313599	0.6106739905314131	0.03851708941822333	-0.10807663065926698	0.6269696578987833	0.7705484564921098
4.569842443629004	4.030823731679225	0.537563580060115	0.02771115282769738	-0.09501002802065744	0.6192703708006297	0.7789155245807633
4.564824438699082	4.031261456820233	0.5077000556326055	0.029040133216064978	-0.10681858768821663	0.6222542229004809	0.7749491222458463
4.558760105261596	4.027958994466552	0.5091241163787974	0.03884612958888201	-0.11425058645449235	0.6253034614553112	0.7709950471973057
4.546490192911317	4.021310483305641	0.5261655601357934	0.04532658300591672	-0.11629505606777661	0.6298259908792163	0.7666421473022567
