4.543611220044806	4.012868716902701	0.3052679805363235	0.0005943522168916663	-0.007217771942081584	0.002974663399147565	0.9999693504759515
4.569622262745818	4.020658922538845	0.37568833256448597	0.004634037159535298	-0.005886785204108752	0.004353386801349712	0.9999624590367993
4.577573132669467	4.025941950835071	0.3829095507893532	0.005733490202790248	-0.006812202400890698	0.002081255383875733	0.9999581938084066
4.5708856421807305	4.019541812197432	0.5077903294285875	0.008757183782750725	-0.0015647860640138826	0.004602669564759025	0.9999498380467126
4.555948492126032	4.052451876631293	0.5907152968564133	0.005110643742646276	-0.000460601810346737	0.008778452943890928	0.9999483026289009
4.560235700105231	4.051416313322267	0.5905267782754001	0.005091588946119758	0.002603644806324279	0.009508005853486504	0.9999384453957236
4.548113872940826	4.071581963890155	0.7060030856487369	0.00961607888897534	0.0029739498843820667	0.0060942712666985565	0.99993077085697
4.550088604259764	4.06904213074576	0.7032315461452665	0.009421853762803101	0.002316303613373239	0.007201468883824123	0.999926998462967
4.552127757719466	4.071079297318022	0.7431794771738746	0.007528062040551591	0.003630565100627385	0.005063592945493142	0.9999522525128118
4.557697975844679	4.07438755238348	0.8229580334898086	0.004527020269091966	0.0006837090288431607	0.003344791771761889	0.9999839253695285
4.557353415575005	4.07103778809167	0.8173858883418997	0.0036989978177962043	-0.0007233173954337732	0.00036947852138235717	0.999992828830643
4.5577875281374975	4.076243559757	0.8494324192203341	0.0027844877556943534	-0.01414516610522622	-0.012420654134972935	0.9998189277337439
4.558503310970723	4.074501783873501	0.8274298676999835	-0.006772671332078206	0.011184463111315301	0.0036726210447684616	0.9999077710282088
4.570192741065436	4.070538522740256	0.821968216472933	-0.00845679440681526	0.00972713418397573	0.0025057387878513623	0.9999137896649165
4.57915463518849	4.035901719460645	0.8030502573537817	-0.015263794596217404	-0.0031823707220078774	-0.0003935040088590007	0.9998783597246753
4.6069409734988	4.036365645926902	0.7748045995177975	-0.007396363379784492	-0.02280038283949779	-0.00538765509821607	0.9996981592079027
4.604681719181469	4.037776896132776	0.7720480795460406	-0.0010648032758504937	-0.01057389744834235	0.0017115939548889125	0.9999420629880861
4.625875763010056	4.003621348205937	0.7376958904242308	-0.011783749285363378	-0.00410480219398772	0.002144632377869831	0.9999198439893529
4.637977629154451	4.000271352431474	0.7395996568886732	-0.011272775531773275	-0.01536386547786303	-0.0009909167953806694	0.9998179305520046
4.640924400549175	3.9975951816917434	0.6993213269347899	-0.014530946660744806	-0.003071208054282168	-0.002345953852048781	0.9998869514953949
4.677774757821678	4.01350203838495	0.6971585805958508	-0.024698380419363435	-0.03870642877092821	-0.003952940800344501	0.998937523890003
4.661823980541737	4.004320110741834	0.7112861675400981	-0.029908284556266276	-0.026525516079461534	0.0004680814942759349	0.9992005166188287
4.668060872508537	4.02600015496071	0.7508214608216427	-0.01719873802563508	-0.018417670264690107	-0.0003148700322039488	0.999682396408584
4.6754482838631715	4.036741747358281	0.7566994467110316	-0.004802930113213183	-0.031887259874535855	-0.003157277817898269	0.9994749452171384
4.665023523901059	4.0323847061054945	0.7766189261811776	-0.012337768411906102	-0.02184449976977052	-0.002191859585643878	0.9996828462327337
4.636839225915716	4.016203748855575	0.8483589197392458	-0.019016047684037245	-0.020411767703506712	0.01949361415891443	0.999420706547908
4.636865536353332	4.017398237708461	0.8496813801888675	-0.016239643378850782	-0.04261489541241832	0.006917253218733162	0.9989356316999731
4.599238264142542	4.0155381945252975	0.9233348492324396	-0.00892310134991021	-0.013517354225606477	0.0036804277056502657	0.9998620474090124
4.602127108172159	4.016024111644118	0.9854194713192899	-0.002579693529493304	0.0018361867971984844	0.008851919573199822	0.9999558075831197
4.609828348264714	4.0221590347993965	0.9892289042531095	-0.010958017911930774	-0.007853600253043444	0.004885590287513517	0.9998971816212153
4.587811707397711	4.052656261450921	1.0916622276246495	-0.031228184183448717	-0.0019938725442857066	0.014696808384336436	0.9994022357430444
4.590308262802652	4.048138792359041	1.1289690854659058	-0.018650850186615487	0.020755388596854416	0.012459511569689347	0.999532951034109
4.589995561533324	4.044191877140246	1.1409616206973676	-0.018667029383482338	0.012826284294256921	0.007019657719048967	0.9997188368990084
4.611015039285092	4.035788257151832	1.2287442732642708	-0.007653614568099484	-0.01375358915898666	-0.014046144707264086	0.9997774586317453
4.612270095335088	4.02837476012149	1.2194454342858467	-0.012233035091486105	-0.028358702856246643	0.001527511543726329	0.9995217874229881
4.630566557126575	3.9935688583420297	1.2662190365042998	-0.013124011459782368	-0.022111688691846442	0.013854264432096381	0.9995733554389311
4.641887636549403	3.9732432270932985	1.263384456098826	-0.02541815202860381	-0.00886516592041717	0.004064714925964077	0.9996293335397999
4.645864164136653	3.9779151294581534	1.2577596330858725	-0.02615284652249342	-0.012038829817001257	0.002507405414585354	0.9995823168271311
4.649820606632745	3.9881686823825304	1.265559161719905	-0.01483452564353902	-0.003922351413366102	0.017812620884655704	0.9997235930723755
4.641232988837263	4.015093610544834	1.2712217081984751	-0.017944298281204567	-0.010908240097109194	0.016971118965960815	0.9996354303335901
4.642716983112668	4.020359861965826	1.2687764774130583	-0.010865191082364946	-0.01545431968775789	0.01929927638008979	0.9996352582602002
4.653516278262459	4.045265908917434	1.2724470425601921	-0.009867831339437347	-0.02818528056547719	0.030113477338069558	0.9991002924365057
4.650460975525348	4.04249988910123	1.275509385833568	-0.019158021775991078	-0.016629150621938968	0.019920723311552525	0.9994796677941817
4.681470398329906	4.057005212311112	1.2843128393391285	-0.028944119918219297	-0.001135116496934965	0.030416387929637356	0.9991175069920513
4.719082290796621	4.053774247495838	1.2872146120638046	-0.01691820768164435	-0.02152326056713542	0.017688123646437803	0.9994686857452153
4.7219918247503765	4.046364202752499	1.2857219220531713	-0.024489627560516702	-0.032781711678367284	0.021846231318230165	0.9989236005313789
4.7655800452833645	4.035671302190392	1.285152301801451	-0.03570845371224345	-0.026132534726590453	0.027700423375691376	0.9986364120675009
4.79894106384702	4.0201326156538135	1.296059344291863	-0.03935061447113865	-0.017984334461694635	0.011640294254625766	0.9989957939873316
4.8010442683055015	4.014512069420316	1.3018595455181228	-0.04422182718742116	-0.024325949688527256	0.005273829888771446	0.9987116024610213
4.8273158912246625	4.0029875804868364	1.3276087862867767	-0.03898153331666592	-0.01711442347255322	-0.01085271298884794	0.9990344114144742
4.834329234013017	4.002187016748174	1.337127960750488	-0.03531390610245213	0.0046868334982406775	-0.006311751949257265	0.9993453474224402
4.874048021075637	3.999523682831458	1.351326815061509	-0.02620508295669926	-0.006919848291060334	-0.01795561213859609	0.9994713629312193
4.910627151348575	4.0164542955474065	1.3956161339252884	-0.023009709573927208	-0.003973157621253225	-0.03669418655821921	0.999053704240503
4.905949917169228	4.0331251979918425	1.3986228858020624	-0.021115812342400543	-0.005696512885253798	-0.04386309674669017	0.9987981282290525
4.932238307474195	4.056714458053796	1.417749695668673	-0.02635924982858674	0.0003886864574086991	-0.04913501226313069	0.9984441844395778
4.989996070336823	4.163657256592825	1.453599609597696	-0.028402893721283035	0.0043300794486101695	-0.08183842298321228	0.9962313981017897
5.0185610933693034	4.229658661460647	1.466491913659773	-0.026817759964285873	-0.003549308729677168	-0.12346292971184664	0.9919804005851157
5.039444382042136	4.263943046919774	1.4678254007734475	-0.027995334779360143	-0.008105286285177355	-0.1409641821737043	0.989585602618048
5.051164530677743	4.277802056157564	1.476537175947262	-0.01868842910095755	-0.00950236160076055	-0.15947273635805204	0.9869796827190628
5.053651602737329	4.290742783528713	1.4718856354376886	-0.010585103797876647	-0.011608753996507012	-0.1616719418925715	0.9867195019928011
5.059230411293966	4.332349309271276	1.468298723285075	-0.011654145427477853	-0.006994582988086815	-0.1669612523284344	0.985869766715715
5.0169596075542815	4.436025316092049	1.4407253390478292	-0.00741204926377751	-0.004887074018829057	-0.2025682515480073	0.97922790069423
4.946633771987593	4.500979911412598	1.4135279204304099	-0.012041491540998527	0.005626500015801571	-0.20328682037845555	0.9790290157290832
4.93775681397309	4.545451997071737	1.3868519853235417	-0.015513698872778621	-0.0027836622069886225	-0.20227159881679782	0.9792026228948216
4.934011942081154	4.553314012452471	1.3901571741892542	-0.010954941031706864	-0.01853722576591805	-0.20596881293425184	0.978321628415906
4.886187382219346	4.638126927283151	1.3643376044975832	-0.006479927294232904	-0.006591977393882175	-0.2282179955177732	0.9735661779756677
4.881782275975413	4.655695219489417	1.3468357414857657	-0.01685692679888749	-0.009886517000456048	-0.24152647997913437	0.9701974336542976
4.8646288306355165	4.650553889999968	1.3357102194107775	-0.016592017760951157	-0.00936739552993975	-0.2603255863178658	0.9653328679558493
4.870521792276574	4.6633768237463835	1.3405762703481476	-0.01989418418896761	-0.013573306191084024	-0.2648788882709455	0.9639808926233165
4.84858045891187	4.650803965790708	1.3622468651613995	-0.015851304932662978	-0.003314191546669948	-0.27505624057328176	0.9612917438467972
4.849931022280905	4.647015019377226	1.3685539343977409	-0.009787054572140585	0.0010189006281030087	-0.27501089548528623	0.9613907544639134
4.818003137937404	4.654498592376747	1.3812211811610653	-0.0013885244598308354	0.0011290830943466931	-0.30804498561302085	0.9513701088482147
4.784367041563486	4.679568686828739	1.3934728721453569	-0.010862994933366203	-0.019859269475743214	-0.3214409106602304	0.946659044065438
4.71019245216523	4.73826690199471	1.4073084158524944	-0.010834446440494592	0.0028847158586580344	-0.3368360163851489	0.9414965699621674
4.704490474713728	4.745988968635666	1.4022737404876646	-0.0019811381413701004	0.011407797416417034	-0.34416706308437167	0.9388370305530394
4.663243117806065	4.769052559378081	1.403401545305728	-0.004331575174562884	-0.0017752357824650671	-0.34654892411223176	0.9380202179010205
4.518026211593699	4.8453785433242	1.3999481607282698	-0.011335390493970107	0.010181978774318182	-0.3536635014109832	0.9352486107983864
4.425457033495403	4.820350769682277	1.4020953682159434	-0.016786708567133997	0.03397700524784896	-0.357616290602931	0.9330993292384631
4.376910094583143	4.791406444325989	1.4088883921275548	-0.013140406698357587	0.017128786877717222	-0.3781689953659455	0.9254848163615709
4.371059142737838	4.78203316557333	1.4118252389211716	-0.01015951455043589	0.010054837101667751	-0.39273951440160426	0.9195386660399606
4.336476937281932	4.786873617284945	1.4126371276079985	-0.010067426539369463	0.017511265261628488	-0.4075737896248093	0.9129488531800031
4.2984012348487015	4.781635156502816	1.417484226649104	0.0034654844900967314	0.02631507280381395	-0.4367455312843644	0.8991934431832324
4.340853766256019	4.787552494058855	1.4183097898033914	0.018097627634123887	0.021953406268168885	-0.4419805518809997	0.896573318578134
4.338057024565961	4.783355758827887	1.4152448245735936	0.015572701742828321	0.0015915236141206095	-0.4482054798748173	0.8937934917100253
4.2689498724114685	4.780481659135453	1.4285638729261696	0.02034492525368112	0.014143780356297835	-0.46496408740903156	0.8849827314210946
4.201761602579037	4.779993732109073	1.4314444352222417	0.023563154172193346	0.007738767111769243	-0.4757099469383239	0.8792524868506111
4.185594593617678	4.7790600478218055	1.4288889527175774	0.019487664306485027	0.004001746420163734	-0.4694720157768242	0.8827231974792051
4.122919346156037	4.774382769841039	1.4272816955390069	0.008511302629490498	0.004216540285039052	-0.4707881755712492	0.8821951440910726
3.9690953448847646	4.741801095223667	1.4476978260918385	0.022057166932688773	0.018682298836755307	-0.4795110603051607	0.8770596308929617
3.920859611446212	4.690612756460982	1.4656582724444445	0.025821843360948032	0.02104894599895829	-0.5041153176925671	0.8629935809410737
3.918263738152791	4.65812771306215	1.4724980233251195	0.029769713708936583	0.012024016786317447	-0.5169697936032571	0.8554013208242175
3.9195307408746296	4.660626330775907	1.4679074286473475	0.030200855759353724	0.015863207521264792	-0.5195658262969735	0.853749154671841
3.904012285683752	4.640908362940991	1.4769069629490834	0.03966966228273146	0.01837175193011859	-0.5304341678082283	0.8465981279491376
3.8742412779663193	4.590683388216806	1.4906850489205141	0.046840699569304776	0.019992704000164563	-0.5523455819143187	0.8320580501325328
3.8615387439640934	4.545600974614008	1.4933837519564548	0.03939939303968366	0.02076400626707127	-0.5519685092213682	0.8326747916802728
3.8684121990290348	4.511305274534162	1.4974330617511524	0.050854171041529166	0.032740696444987095	-0.558465233627658	0.8273200607462515
3.8659448991579684	4.494807377253307	1.493106332378448	0.04757990640749713	0.014049866799110767	-0.5568260954366296	0.8291462194269346
3.8395608408505586	4.463307601543994	1.4920574898120684	0.041651478348334124	0.020712079405088603	-0.5516398880199328	0.832784244605691
3.7601621344289775	4.357883466918715	1.4853318287095334	0.03194385379055458	0.008479123600439654	-0.561985355483163	0.8264866332194605
3.687066796334188	4.315450058372022	1.449489083592553	0.03247244215465911	0.01474758060797817	-0.5727470846476174	0.8189559367843783
3.6712436312140113	4.314847252389855	1.4479906880597673	0.033747513509859134	0.022337484323821974	-0.5744862120675986	0.8175131401208221
3.624404408295506	4.280403641522809	1.433167021068177	0.02592796901765024	0.019929851826979546	-0.5891232277858686	0.807381176342336
3.524371954034735	4.221586270070254	1.3923074649000031	0.03577664270864032	0.012320371950851138	-0.6133368445485454	0.7889145425144123
3.4791284089818415	4.192714095738814	1.3646484254520668	0.03852390258712295	-0.004549182256646391	-0.6176774113303146	0.7854742703631578
3.4750007484445913	4.213165147182638	1.3651119058070678	0.05373240039121906	0.021963881197752198	-0.6029982000533219	0.7956277947654813
3.4666985628394893	4.189988045181991	1.3508705017432803	0.06316447602926986	0.031621166027938866	-0.6040804421304551	0.7937866024710013
3.5052024880371873	4.097103013171922	1.318966044634266	0.044671739902326445	-0.0035592652701782607	-0.6196460416199645	0.7836010147961427
3.5289355125931996	4.042514082635197	1.3074464047819931	0.035489225069705206	-0.02479151053654551	-0.617087898513341	0.7857025018527412
3.525950247975491	4.058170344097252	1.3156463113682946	0.05319533602053622	0.004307338212535971	-0.6097632929766544	0.7907846923160892
3.538237325261981	4.009853239669464	1.309522367365134	0.0521301955087107	0.005150595692405079	-0.6201383750879031	0.7827415344949903
3.560863500605035	3.9147008105332333	1.31436574927995	0.0609857274858484	0.012014861826219237	-0.6546813417532537	0.7533450238094617
3.5585932721138933	3.8697559145989344	1.3413246560523473	0.06398077779496893	0.03444257992744827	-0.6621198075789353	0.7458669647948794
3.5549837424842834	3.8144952518004085	1.3745476414206448	0.06685246437306276	0.030883765784332138	-0.6865621637102826	0.7233321065594158
3.5491094121381432	3.7611560293684274	1.4310723135012116	0.07221987852636727	0.03400899103828716	-0.687842174324503	0.7214574283315232
3.560887819535409	3.6995765160209206	1.4698389602366557	0.06524259632958068	0.018344749164653736	-0.6986484074312356	0.7122480442907931
3.561413229174396	3.71076433379578	1.4629159287103801	0.07676559104806271	0.025186160310763983	-0.6973847728697474	0.7121286259723401
3.6058553577511385	3.6399838367285176	1.4989993983831944	0.08372112762695069	0.01838202917980752	-0.7179031583250898	0.6908458070068646
3.681526261419892	3.590187387606176	1.5361821371473916	0.06852805358996235	0.0058560164002366966	-0.7201985973770877	0.6903503409712836
3.6778649314481493	3.583015857093874	1.5313345833660446	0.06628716102494406	0.022204809863423765	-0.7143439779854366	0.6962942192910443
3.7384329160638425	3.490879984193175	1.5520434554434674	0.062294119195269816	0.02513504184942483	-0.725340512602583	0.6851049650691021
3.7314444041078874	3.433334573353211	1.5604211182768881	0.07783530411067398	0.034467060760396934	-0.7365754542631862	0.6709771138671716
3.717434024598058	3.4368982049679997	1.5602191541553603	0.07348892759450346	0.045896965663240356	-0.7382608989847781	0.6689272689120281
3.731272799233021	3.375617596384265	1.5606972348826256	0.06501531055878274	0.04711859427380064	-0.748019702026459	0.6588014669434595
3.703066606609126	3.3259078241042173	1.5461363299510955	0.06552326204026294	0.047040527300913786	-0.7466105952252987	0.6603533221088395
3.704721085294465	3.3208226659567943	1.5450742345274184	0.06556263336787951	0.03569582570182587	-0.7545855263969683	0.6519417401007124
3.716661530476468	3.2869739491414083	1.5345677462508667	0.06940278260600366	0.03819283258419192	-0.7572374565519102	0.6483178199776203
3.7913676847655244	3.238528099871971	1.4975389937601904	0.08700192108620512	0.05531943251271608	-0.7672526802576456	0.6330037525569974
3.894245822229944	3.227852956749599	1.46413824963834	0.0919894049741968	0.04018966213455916	-0.7691385262731565	0.6311486891631487
3.956337112117535	3.2249564581574024	1.4444568208606052	0.08794720773017285	0.04782738308114763	-0.7719787647254872	0.6277153948191702
3.9505339358097324	3.220287253445271	1.4523062771535715	0.07810270270309487	0.052580732807338625	-0.7692393206888595	0.6319858399316064
3.9934610964693573	3.1952487077554275	1.4398063935528829	0.0764429308278121	0.04344340374498713	-0.7759491719338226	0.6246375201448596
4.073901563163289	3.126722949761304	1.435216231841059	0.07910743683994748	0.06267414675155178	-0.7873523276324631	0.6081860545403207
4.087190030691948	3.06448525581514	1.443546864645785	0.07696303796394612	0.07395846685883857	-0.7940423702806788	0.5984175383177639
4.1038096355731355	2.999312647736162	1.4343606208239463	0.08102032696755139	0.06485667442378204	-0.8091624522550003	0.5783471658627141
4.101636878529563	2.9914315187823557	1.4341407109688427	0.07453820045718691	0.057491152638179256	-0.8060811387757376	0.5842705039200153
4.18484378833402	2.9111126774308325	1.4319650683530443	0.07190934529518973	0.05261978261468929	-0.8123298338975637	0.5763509742307696
4.202923869490132	2.9185189087450034	1.4327837796991258	0.07522947232441536	0.05462835532567282	-0.8149019503186548	0.5720935943139512
4.271622415379339	2.9065532940874457	1.4320575191671607	0.07537920766421019	0.05711787862800441	-0.8156815904170953	0.5707180267413948
4.410732124146918	2.9264098491230937	1.4399870419074619	0.0749302157484944	0.0740820140678866	-0.8187954039141865	0.5643327072645486
4.398011009385745	2.9241827394436624	1.4405043259144807	0.06499959214060474	0.06407326600691203	-0.820960677651744	0.5636428260470927
4.535124127961701	2.9555394202250174	1.4537970585534032	0.06159812195574833	0.06408923800808465	-0.8324474368295359	0.5469273314243907
4.586678680754943	2.9480051808871606	1.4739542714381204	0.055855028603347484	0.07531055756331156	-0.8388751526036017	0.5361874803121649
4.586617525223529	2.933676160040404	1.4707310938872478	0.05734229481146788	0.06907731572483061	-0.8402530433184858	0.5347102101812079
4.678799509836237	2.876844317267685	1.4942141128738804	0.05137031813759772	0.061918213562574154	-0.8469012416357371	0.5256286827785467
4.673439053839764	2.871778333428054	1.497659781328323	0.052710451648186635	0.05930517604717149	-0.8469506893345077	0.525717637346192
4.716795171321641	2.8512913877238004	1.5038985504330773	0.05708715159890706	0.06510991249136634	-0.8474380869507306	0.523784731739078
4.838940710363109	2.840243346795954	1.5231163977231787	0.05845088383830568	0.06498837037267828	-0.8535906435862386	0.5135591680389491
4.908183427784608	2.8599759593772798	1.5437592685444217	0.05936992683100032	0.0727899113853201	-0.8541765759071189	0.5114286047535777
4.919462667928722	2.8610968917155617	1.5501155770451522	0.0570319315422642	0.07449624916500015	-0.85629039204192	0.5079019906848192
4.977687930422848	2.861922537221625	1.5593450970847176	-0.05944820447223702	-0.08085729736813374	0.8604533357263917	-0.49954786105504884
5.12862372753474	2.8651219901280527	1.5844200271047675	-0.06633301349695914	-0.08654288167443022	0.8735436270489756	-0.47437516017812176
5.179714352186831	2.8708035068000197	1.6009876158326783	-0.07326587812374055	-0.10802889679386278	0.8770416676598424	-0.46234162882948493
5.1827609118194315	2.8615813740453793	1.6018700548228275	-0.06644052549182386	-0.09632594168544363	0.8788737146620378	-0.46248023007144257
5.241666431227369	2.8602405087241336	1.6131557660095297	-0.0646545851474573	-0.08906012994244204	0.879568377862832	-0.46286882217080944
5.299281526251265	2.8683122787865742	1.6237206165272684	-0.06560202131594435	-0.09417472715002333	0.8814937296829266	-0.4580352607552886
5.414195761852592	2.890360474603402	1.6382442172602312	-0.07157931286346005	-0.09253683664142814	0.8885995197608596	-0.44351350522296706
5.442487688356184	2.928739839563817	1.6320980048310723	-0.05794853907553617	-0.09487245973532128	0.890468729048851	-0.4412557374005526
5.487813280437269	2.998058883072452	1.6376146767044835	-0.05477338463246798	-0.09770006733851269	0.8972780006878099	-0.4270207988607123
5.5245238572170745	3.063767166797476	1.642479991330675	-0.04988915954989012	-0.1011002553769387	0.9003986407458295	-0.42020482846486473
5.561606430607209	3.0877512136149057	1.6442384655474789	-0.05434171753472258	-0.1032165535552838	0.9123702154639799	-0.39239509520603966
5.570543331212212	3.076518921836168	1.6423466623396885	-0.06251140503045263	-0.11134456251216185	0.9091933830953508	-0.39631061653168626
5.668859736548725	3.1044019054926295	1.6171727812496242	-0.04598269955299416	-0.09266404262900609	0.9296190447909627	-0.35370524184327184
5.7071665902109245	3.110771244792848	1.6221837084193262	-0.06020766817125986	-0.09073999828526787	0.9272740275515389	-0.3581957107963711
5.745694863570958	3.1260163121801883	1.604902841329238	-0.05637057799681704	-0.08814487404371615	0.9347732813454306	-0.339487483714524
5.734858529878148	3.1194974459474443	1.6074872473419743	-0.05414264533273642	-0.09173267376237602	0.9320360031247275	-0.3463561453187493
5.76189215244419	3.1508134566485446	1.60125734894532	-0.05664269204062795	-0.09646165999830515	0.9328694238087653	-0.3424053032759053
5.785884626269761	3.234019528689888	1.5788948662132452	-0.05051831163420911	-0.09949109437263885	0.9382072502059506	-0.32759209085561425
5.8267371550181695	3.361310932080098	1.55125663105005	-0.05642481237116525	-0.10548105054480413	0.9429280552617394	-0.3107678733800486
5.831109204649475	3.5121184857705656	1.5364744280698832	-0.043675564556883074	-0.11148056139516486	0.9410158385683656	-0.31647072701141366
5.822770743603405	3.614650762302303	1.5253136463981924	-0.052152247726813726	-0.11278725918650162	0.9472566338889754	-0.295404886174156
5.864119332934041	3.6930304020811353	1.5079005210962055	-0.0785582421050496	-0.12122672149073396	0.9506231106089221	-0.27467869624379276
5.857197827661559	3.681261420873254	1.5127453982416552	-0.0603529828752661	-0.12098616232297432	0.9530325988514299	-0.27101426440485893
5.866597239609136	3.7367545493550893	1.5087346020214218	-0.0685607365532592	-0.12142792735976794	0.9524301844064774	-0.27098233833929003
5.824607401971885	3.8113408314300474	1.5175740646991949	-0.07501195685588458	-0.12378851267674487	0.9550798912392372	-0.25859623316741787
5.7704095450496995	3.7737051868541287	1.5382785862685182	-0.06960041832730424	-0.11796416686990686	0.9537611263085924	-0.2675442973526413
5.747775448465797	3.8076403106345715	1.5511746164320512	-0.05254756217560709	-0.10342727980697014	0.957895345031133	-0.2626367443234445
5.775487045300591	3.9116095964394364	1.5741226685493346	-0.048256685424830054	-0.10423254723350037	0.9564226327035678	-0.26844481008468335
5.803896807268126	3.9769058239713964	1.6097779203529088	-0.02371131021475756	-0.09775748429146133	0.9593684637231659	-0.26361600643048405
5.830118257680812	4.070349553740668	1.6420009822860293	-0.029521750347607196	-0.09641232751478591	0.9574648493024521	-0.270359375109923
5.832771999996283	4.073659129693812	1.636519396833864	-0.045219657745191204	-0.09869277355285959	0.9590551488489782	-0.2615877299647597
5.855603115039492	4.201762462718911	1.6882161548264996	-0.043828869178800994	-0.08527552906926239	0.9631003906944837	-0.2514850926249865
5.8748693295551435	4.274103826343905	1.719608571772989	-0.05200168194761347	-0.09214489078878246	0.9613559393684025	-0.2541651077886955
5.871462353530338	4.335943601373641	1.7395721602751004	-0.06496197534003925	-0.09374358008177165	0.9604730346527129	-0.2539362767671866
5.8458815864437295	4.341143322378819	1.753566291427612	-0.06561930048858673	-0.08507029734640595	0.9617159744432149	-0.2521101672156849
5.840624157769144	4.3436083958378084	1.7474758855663066	-0.05702612542735671	-0.08794531692538236	0.9591329234024415	-0.26282632572694065
5.83697990172865	4.393900133878144	1.7530360523311668	-0.044970630441569404	-0.09010894795833888	0.9603101223654118	-0.2601201429687005
5.8541301261600855	4.546313503761332	1.7501564815986392	-0.03281974774587443	-0.09109378356012574	0.9619800430195657	-0.2553804682951943
5.858074723845508	4.670043400923645	1.7261793731998252	-0.031583034129523894	-0.09954796754523448	0.9635574181760441	-0.24627183353096288
5.847483497091883	4.744791305699101	1.7078645455776293	-0.046114237203986164	-0.11319574953134622	0.9674806817155551	-0.22145277131328964
5.838455261101293	4.898299100502844	1.69237087948211	-0.05094610463738366	-0.1271401481487024	0.9657597222845675	-0.22033618850256498
5.837754312361463	4.898351005012255	1.691122395131275	-0.0602088791274837	-0.12121621220089035	0.9688075479023088	-0.20758963341505368
5.821572909425179	4.982334700975337	1.6714855128417965	-0.04939505295126848	-0.11455893016187699	0.9718027267942702	-0.20008958108639496
5.7982785469365545	5.077148312403793	1.653607135604827	-0.03588365762451148	-0.1169284402020357	0.9730846682504244	-0.19531085838572193
5.719477420968528	5.255533472908454	1.5998923806656147	-0.041963849276702846	-0.12093958985566235	0.9736443880359849	-0.18875713656828647
5.617226529511691	5.249741228850371	1.6100139268000249	-0.05493985133297694	-0.11366544524582227	0.9729369458424567	-0.19353417968754738
5.544736396086219	5.2553112644906586	1.5897601799317351	-0.037460547533650225	-0.11344503779317629	0.9800147735817712	-0.1590533694709221
5.4922315692628585	5.260428374121628	1.5809061932722928	-0.022026497617866975	-0.10724233015376389	0.9863541179155138	-0.12296125445436067
5.50565165665103	5.274820596332313	1.578329590624484	-0.03493787251347211	-0.11551837321171435	0.9867145735383452	-0.10876212981453119
5.48593212673825	5.316048667641338	1.5700867852878422	-0.04355097698335833	-0.12613760572379773	0.9861848795170011	-0.09814275438411561
5.431473596511977	5.423078038159233	1.5681955637891145	-0.046966771277529656	-0.12665621906660943	0.9888036153884454	-0.06340137823623693
5.414076228770364	5.420626271956775	1.5679066879035304	-0.03430937094849202	-0.1177551155742295	0.989878308280446	-0.07139702106573424
5.3740406921803245	5.4680270228860595	1.5638403771087288	-0.03471951192043995	-0.11482215548924234	0.9902482163539637	-0.07084418189664045
5.227213348062085	5.519988590487039	1.5790571335547627	-0.04667108666341257	-0.1123253367597346	0.9907789919852215	-0.05968096373398134
5.20512900581486	5.508103117667428	1.5798391267201704	-0.042374490200424296	-0.10857590117995747	0.9914522723573019	-0.05863503987170773
5.070341309128731	5.481056791570126	1.602716944198223	-0.0353207121868131	-0.11230378537153735	0.9920271056587747	-0.04497253295194823
4.974532514591337	5.466372485294557	1.6435898397264292	-0.032567052755164985	-0.10158658064186642	0.9929447491595563	-0.05177140933760239
4.899784341886994	5.489500305137008	1.6853681597809533	-0.02915921310334927	-0.10665362134705385	0.992924741003288	-0.043303626272010794
4.9021719717419625	5.49974053977408	1.682181936297357	-0.04578626920385307	-0.10989775161650342	0.9918010763075185	-0.046440572533910374
4.770246183690731	5.596544184207566	1.7167268329396557	-0.04934228952914307	-0.11249515083110889	0.9918775609287083	-0.033001267091198994
4.751136957185213	5.651732739047105	1.7446923929458318	-0.02861112006820694	-0.09886132732540719	0.9943133185886645	-0.02736542060882854
4.7569102354318815	5.655051940654849	1.7442301937428246	-0.03950189916140584	-0.10166840143503332	0.9935128548180828	-0.03217675284285037
4.706610822927057	5.691806846796977	1.7605599670997651	-0.03837711593546211	-0.10064583547174423	0.9933960693120428	-0.03952040295914893
4.589391067820569	5.786023306993201	1.7715453307454003	-0.04326366022088582	-0.10963074107467259	0.9925421326039575	-0.031136334429373677
4.5413725047639275	5.777942000546129	1.7638096115753688	-0.04517863466754464	-0.10574947015556807	0.9927493476792576	-0.034995331314353006
4.5335676695542	5.75306176087878	1.775948448156671	-0.051270571475832326	-0.1017485056936373	0.9932930164610366	-0.01968637953987521
4.469878207035642	5.74368198217773	1.7756016246854431	-0.04032562039865235	-0.1003423464425941	0.9941046983282162	-0.007817071806253949
4.338397930445332	5.715087926281034	1.7639406154253203	-0.018903864669547327	-0.09643086045543783	0.9951491667430078	0.00467642845301769
4.269247662139946	5.699578573011648	1.7489214664691304	-0.03226183696408991	-0.0995372928694181	0.9944181053366857	0.013569560881847742
4.269149576974901	5.708096692180792	1.7506600163972998	-0.043695106411802506	-0.10151076773356338	0.9937156317143453	0.017763586247241708
4.13212601284587	5.7423395465165665	1.7183732937757852	-0.04292059909518066	-0.10308274154690518	0.9934429034872816	0.02455540835018237
4.093505299946077	5.765483485355979	1.69939731815723	-0.04330875842388028	-0.10631977193822605	0.9931794046821929	0.020374681688558865
4.05055489151813	5.798206395054131	1.660314417849826	-0.0572631505989958	-0.10667706443393919	0.9924035949485986	0.021818346416065358
4.047705051841591	5.792518364490684	1.6663821049670673	-0.05747326232842106	-0.10682038997788298	0.9924468322589158	0.018317028731335363
3.9936573955059655	5.7727604997365205	1.625612051686426	-0.05336354485460413	-0.10668168346706638	0.9920404847007147	0.0403364253244368
3.9624119228659804	5.693015392315927	1.6064531980614123	-0.051756994116914326	-0.10413205964370034	0.9916989907399824	0.05487111698920284
3.894033760444569	5.625219173359799	1.5917947654460354	-0.05365031479007397	-0.10415665272962145	0.9912514514362497	0.06077495734770401
3.867497515565411	5.622248124945616	1.5929723646749083	-0.05145426737710639	-0.10685949622451076	0.9911589781867992	0.059475931224562045
3.8014236048745293	5.590989457414895	1.586637208678352	-0.04214124013003698	-0.10866262330070965	0.9912862239194272	0.06138544163947586
3.6553385293215825	5.565004757616029	1.571155149513058	-0.054862256355418526	-0.11717235390098159	0.9883819026987263	0.07976206320388714
3.6359636408046283	5.568861973748038	1.5733649487805992	-0.05902726453106968	-0.11664703246745996	0.9876818602072225	0.08598717855654398
3.508760280254464	5.556839795349778	1.5876804152489448	-0.061516781959056306	-0.1140513872365448	0.9855510869549913	0.1090734688577232
3.504199097185731	5.556396817828625	1.5844821844347659	-0.06564123136673683	-0.11035302992113104	0.9854627693160237	0.11125002392753768
3.4428631243089405	5.545630678826282	1.5920839048854991	-0.0588433746105591	-0.10670260660504086	0.9869186127334715	0.10556354886214858
3.386168552231213	5.525334954556113	1.5981646970610999	-0.04877857062777222	-0.10420919955772769	0.9875934247658751	0.10686590258009714
3.303820351536524	5.434387977424504	1.6231807149154562	-0.05453380749480593	-0.10396543490401622	0.9886912936447956	0.09331011765247502
3.2765195887736795	5.340836924466373	1.6713290684812645	-0.07666294060657151	-0.11075770015536403	0.985231390680955	0.10571013296141016
3.2575346634136038	5.325466946496603	1.668399438671363	-0.05929227598631579	-0.11433652258262052	0.9855467899409626	0.11004140334047245
3.1480332547133787	5.203321213439441	1.7253178620789844	-0.038491481931871484	-0.12248159148458161	0.9828771561040885	0.13217095586713273
3.1005540608317976	5.147371207524115	1.7519526677316386	-0.058055254785410466	-0.11844642937559148	0.9842210841784103	0.11793594964491783
3.0079776159455927	5.12180621557286	1.7851793012473691	-0.037523115690049506	-0.12994108536702847	0.9809771667105912	0.1392520323550454
2.942022202790835	5.08268916315232	1.8184302701926542	-0.05054032978474633	-0.14948390107216677	0.9773086424693015	0.14130837109069888
2.924240967875582	5.0232468639249825	1.8268831573105841	-0.06358446759665466	-0.12095372260826949	0.9788067155948544	0.1525274597377975
2.9202823454491114	5.037084399789271	1.8279783722888658	-0.05494303714298255	-0.12173637459665047	0.9765305230642469	0.16896643244572893
2.8955482139757054	5.0124219050277175	1.8349879042993615	-0.0525544728423058	-0.12887672471575917	0.9771825607397376	0.16044644027504842
2.877210152403319	4.972852199173652	1.8432191209254045	-0.04500596789750515	-0.12762497692747102	0.9784942336826196	0.15567711060953768
2.8661936425010346	4.8430664634403655	1.845122857263538	-0.043411081207198256	-0.13585738482914164	0.9759521822370801	0.16485019563982758
2.856854376097817	4.7188934712040504	1.8372822588124673	-0.040843339684761504	-0.1348683193580221	0.9771838209397206	0.1589155062622448
2.8087527486116257	4.646672887013752	1.82759294281812	-0.04671789404854923	-0.13307515344459248	0.9752551523628367	0.17025225314546258
2.7410803439094957	4.568616715643009	1.8063244126259321	-0.04113108683310721	-0.13456039964483354	0.9702284426293266	0.19712559868373553
2.728974958172392	4.564313607530169	1.8011263951720093	-0.03707307374983608	-0.13501670807571986	0.9702051516028877	0.19773224205058865
2.6354388945925082	4.4300066326447185	1.771164144557394	-0.03761337694642236	-0.12905005680526652	0.9691228985034435	0.20671749879854898
2.591973090648548	4.384970428880829	1.7351285868849937	-0.027657770971542105	-0.12856784080921113	0.9711980057544317	0.19869522297518313
2.590997742447415	4.334856996321949	1.7057465763579711	-0.03405189709479748	-0.12619349355523682	0.9739917822833057	0.18508289638202446
2.59245762048102	4.322660181332194	1.6992312029666654	-0.025781416156915447	-0.12516280349039924	0.9723402870698683	0.1955094814689395
2.601293221180831	4.213115994221751	1.656275773265665	-0.02509709759807479	-0.1207182114658868	0.9727165711081871	0.19651901028694735
2.615108615715857	4.193080175160546	1.6653528221161966	-0.03526960444563654	-0.1290673903335287	0.9715573457223902	0.19538164634275337
2.6239454733741763	4.112801322327282	1.648167717349423	-0.018743975840069486	-0.1353555959228067	0.9688668476971294	0.20645715646476445
2.6535481746066254	3.8762962679942508	1.6225411361215873	-0.024359196790100623	-0.13001862116777824	0.9680959641050317	0.21281915319096592
2.6490196563477397	3.857688499499628	1.6298088310760885	-0.022137697068460714	-0.1289535326999788	0.9689673517970709	0.20972167251877427
2.6574259690364017	3.7607638176834035	1.6222592336809276	-0.02429068406217596	-0.12839269330002026	0.9678067744282699	0.2151170061750263
2.639348888203322	3.572328575985205	1.621080224949964	-0.018497493605168294	-0.1308728209081344	0.9687614884712531	0.20983642661091065
2.622465463387176	3.5727103575098695	1.6280730959066612	-0.009021350417372608	-0.12742048661725935	0.9686796576652135	0.21293744539763884
2.567404568690476	3.4569515620644835	1.660636736232932	-0.00860553060284403	-0.13693387618829433	0.96977354108056	0.20177794085371048
2.5492368753378822	3.4185131943254823	1.6920936802675155	-0.023793583541372173	-0.14124324055026935	0.968148880077719	0.20535812227758762
2.551471492968371	3.4089292377765377	1.6934252942584962	-0.022555288119151355	-0.1389514694227763	0.9678104331425242	0.20863056732797497
2.584686080584906	3.325204826919935	1.7602503715567652	-0.028559495630162406	-0.14708973853683877	0.9655518654805495	0.21274059108112323
2.626315324839005	3.2467521284851895	1.8198771654931263	-0.019792693807115503	-0.15766652984842353	0.9625268527757126	0.2197534352930471
2.6329936228861515	3.218759202397607	1.8177946096473079	-0.03163526864150015	-0.15556292168667327	0.9591107897501551	0.2343200378950114
2.651025810361077	3.152025934104442	1.8431553737696116	-0.030497129700706702	-0.16377026521805524	0.9583739580694967	0.23188053347496063
2.6836827679468285	2.9562217660398726	1.9039560136528952	-0.030458586376488572	-0.16115226703225619	0.9511387349131283	0.2616052910286102
2.6842893876403093	2.86152546854623	1.9287724354023807	-0.01427719646613939	-0.15379723034776877	0.9510143378696847	0.2677952627749552
2.6805554727799343	2.8520520227024324	1.9242842518762502	-0.0060600089418979645	-0.15384662772212254	0.9512478515527928	0.2672489781951469
2.7358761703059713	2.7347562554451685	1.939317900709498	-0.010296199742591841	-0.16223639076067176	0.9474129673508704	0.2756483467739819
2.8018387538134446	2.7041337750631467	1.9180557727262975	-0.01958031466544973	-0.16570387995556143	0.9394610566995062	0.2992854129260591
2.853589508916274	2.695874157157473	1.8989538791857843	-0.008598479066032788	-0.16599121092451494	0.9328047995599269	0.319762708850686
2.9171664133433906	2.658435137898303	1.8924677625748174	-0.009073993351877377	-0.16648326136477382	0.9253364272157697	0.3405194308663645
2.9250829337064097	2.6497278044915964	1.8945219990705766	-0.009498746787523635	-0.16623496726641054	0.9241251737238461	0.3439016905414583
3.01325602646172	2.56926467919558	1.8714968339805904	-0.01097206856213716	-0.15774024978642193	0.9105152975829462	0.38204648954835774
3.0738619849424365	2.5378738897407103	1.840896375304242	-0.025510409213203845	-0.16120104114965325	0.9054720796999146	0.39177002978527314
3.0616720755354905	2.5316923519102663	1.8486640977605031	-0.021500940164101402	-0.15512228948059628	0.9062622591098907	0.3926366037335222
3.1215009356655115	2.486942344782127	1.8165746407839471	-0.003698076419316246	-0.15490204932339674	0.8974619689012026	0.4129814689815821
3.1803471467141073	2.496617096550239	1.807808304908553	0.006555504075952684	-0.14995746015177377	0.8966437957125934	0.41653293881907116
3.1956173083329102	2.491520334894587	1.8141163258938715	-0.0003560798793863908	-0.15050060259247652	0.9017090447452342	0.4053026529040463
3.324668896130885	2.466640940448383	1.817503329079626	-0.007161534833235763	-0.13244452290570594	0.9027988068417532	0.40909836853282466
3.3421365092401536	2.4649560344305996	1.8243194404416512	0.007129362023941884	-0.14647913613429284	0.9052455134505462	0.3987776263184028
3.4171226800910546	2.450104585746627	1.8201106850930675	0.01574072422187893	-0.14761171304144277	0.9003636852550689	0.4090333067707963
3.58491707116501	2.396220640586766	1.8205013478339545	0.025848253707686945	-0.14703711689744045	0.8946268134879891	0.42113515481740293
3.5994433464273805	2.3811194962878215	1.820940366881788	0.013278371376895196	-0.14824909030691258	0.8934494523076045	0.42378528554916994
3.7775838242127584	2.323043586618034	1.8102852622817467	0.001564052931057753	-0.15596706364308752	0.8844146624565132	0.4398664952333985
3.869730751742671	2.281252212402209	1.8088996692398196	0.011354744729689429	-0.1564431915553356	0.8792316698037018	0.4498313777431474
3.876163750880487	2.27334781520944	1.8119652611168031	0.016192091903603222	-0.153266011671819	0.8800128772469398	0.44924901970461917
3.9416279321724654	2.2575002964684363	1.810482297480252	0.016389260502596044	-0.14977357230104313	0.8806901714759253	0.449092519472399
4.052985645934673	2.2369619651269335	1.815674572070254	0.011614780066227686	-0.14259847932718148	0.8846883268025586	0.4436860770825218
4.088132588653174	2.267845043898523	1.8104134667165428	0.014448448558051089	-0.14544396732493514	0.8857516299956704	0.440546643005098
4.140729054705595	2.279312555313849	1.8076940219176023	0.01370713534884675	-0.1569529814167082	0.8836477163538944	0.4408453123800705
4.149883901271181	2.275995488137562	1.8123707593830225	0.01917305729350653	-0.15495560890607898	0.8833378920669618	0.4419675571591908
4.296466160520845	2.2949768519338916	1.8188830739506139	0.03954478894371238	-0.1523174134738351	0.8728571532006604	0.4619047578521752
4.406700898900676	2.2519885561330195	1.831930765778189	0.03389096623762167	-0.1504464918817546	0.8719369404393198	0.46469691992229883
4.427726542247683	2.236368781793714	1.827861565595095	0.02717579014039952	-0.15039794240576584	0.8716553159827131	0.46568116288876593
4.520674426421933	2.2108872498000314	1.8344004031285859	0.01717737419105119	-0.14507240595991025	0.8685996175365602	0.4734909072624782
4.623748590085643	2.1640740117254365	1.8662490663503042	0.022368450304812392	-0.14223832160920188	0.8694612900663803	0.47255156054431136
4.705139523987959	2.1930555784785235	1.87287363070877	0.047531104805459336	-0.14235799585313733	0.8707550819334552	0.46825269073408643
4.785765547270257	2.1925687013645407	1.867527126811838	0.04710986834472824	-0.13222680232123168	0.871333954781781	0.47018493414483764
4.812741464194375	2.1935091473798876	1.86037176984872	0.03891227084509542	-0.12597886682276793	0.8754555422385202	0.4649653254336149
4.885847112078925	2.1887773774225474	1.8586302936711683	0.022793932383492158	-0.12427815053035793	0.873949054534051	0.46930632642900566
5.058079832271286	2.1984620765308156	1.8674355222214472	0.015946488083180197	-0.11307929340454156	0.8734664977139298	0.47330229271819907
5.067183584241089	2.18928336714869	1.8911315314167791	0.021461446848996563	-0.11522328760311529	0.8741631929612373	0.47127668345133716
5.128446433898063	2.2179558932739187	1.901994718791929	0.031520676842562684	-0.12009422765558717	0.8679814187043821	0.48082437562910935
5.172665895619449	2.2470451185908757	1.8990187060795267	0.028613212135160607	-0.11865730341508983	0.8632256534502134	0.4898399735250476
5.197363039713534	2.229604482379741	1.8994617889569874	0.024354761496954203	-0.11198734749748064	0.8610262838357597	0.49547897850149647
5.27439678450307	2.2434038148334494	1.9037902300262508	0.023853707716974645	-0.11323035601715319	0.8614524280068552	0.4944791212836751
5.366123267572792	2.257451841330452	1.9066572182545403	0.02673341560168081	-0.11842106326036254	0.8599594234180735	0.4957131895975811
5.571686974251653	2.3018347013732345	1.9005761293370842	0.022428643034816086	-0.11494742965058473	0.8500903374094729	0.513449571653721
5.650535379498975	2.331549678543748	1.8773168922329242	0.03413544383422131	-0.11114361721857134	0.8336329354154023	0.5399425865927899
5.693264539010354	2.4024936345859893	1.8629897328394842	0.04910541299710803	-0.11598886959662931	0.8260237506713269	0.54938147390584
5.676087786153528	2.4058936094229937	1.8599138645571518	0.05353174177962843	-0.11333355330529714	0.8213848919156023	0.5564321321149859
5.700861314215692	2.439656844061411	1.851106331360583	0.04800753666831418	-0.11023631601838808	0.8133683586569076	0.5691881448075873
5.747232909307199	2.49227987115023	1.8388329307588729	0.03787502452665358	-0.11220451439940761	0.8043962564236301	0.5821703291281239
5.819008901345409	2.5984683850375783	1.81486046536735	0.034252843957859706	-0.10876728918176484	0.7794618338266275	0.6159834974189486
5.859812265159638	2.685142481540148	1.8040773629763578	0.034873880535537256	-0.10941009060273774	0.7711397934203325	0.626224132028095
5.846901093968242	2.7672443641444056	1.7896473416712548	0.05173684368924914	-0.10611090394312471	0.766612665330876	0.6311646349596416
5.851431709176153	2.7649065529741406	1.7948979737998074	0.04532898968000687	-0.10531675666997195	0.7719088119647574	0.6253082835452163
5.863019589373156	2.809735382017293	1.7844315086621154	0.0446941753076643	-0.09930347000094585	0.7719177240148443	0.6263260164571498
5.880737460935335	2.8754868327122822	1.7810113052226826	0.0439717150407848	-0.09816105750824423	0.7722897160498114	0.6260986260557813
5.917498899576153	2.9954838748065855	1.784763322932932	0.0501506095719272	-0.10305284395119416	0.7584408126926042	0.6415859734714571
5.943768299901202	3.0734700422525014	1.7942394404143764	0.05317312572193758	-0.1002780061743163	0.7544348340257826	0.6464866753361225
5.951129106851375	3.093611682417479	1.789641970145594	0.050204578980762624	-0.10501479781503983	0.7489266325641014	0.6523498229672683
6.043803962058556	3.1408650090060957	1.8172982741513029	0.030669416247559846	-0.09944674269158021	0.7341695201579148	0.6709432524037825
6.049318551742042	3.1613685337778117	1.8216077765110013	0.04441633536487488	-0.09789650808943534	0.7322893416476068	0.6724550415945773
6.090840810606289	3.227159156615773	1.8261792622108721	0.04511691537369154	-0.10080684785468406	0.7351491349955394	0.6688484078534358
6.175144389889699	3.4253997619911383	1.839913774787864	0.052708963482304104	-0.1010793940962503	0.7305275416116214	0.6733009967352171
6.182211098280656	3.4729148765646416	1.8400346079785206	0.043365418441333396	-0.08586204769358177	0.7287249910696717	0.6780169884595668
6.142756806041503	3.536950993236779	1.8380111745019467	0.030871129539936395	-0.0807741437756365	0.730227606428145	0.6777094907616859
6.142327056563491	3.607161740913817	1.8311776744335426	0.034668669348342354	-0.08384509348985056	0.7365809909641218	0.6702361728626755
6.141098077104592	3.600673746013563	1.8241263462025	0.045565005190851236	-0.08857830669361402	0.731901083809492	0.6740908821544324
6.147954085969344	3.650745989938915	1.8149206007199765	0.03969957430784894	-0.08562591271602198	0.7271630704819462	0.67994559767572
6.20455691535227	3.787096679543014	1.7777588133509632	0.030923966522252648	-0.08604102708830441	0.7171675985216628	0.6908771856001554
6.275187490345559	3.8530993210151894	1.7439779310328645	0.030505678998361204	-0.09454549620282128	0.7005879382308648	0.7066166524375413
6.29644638135799	3.9384244276957903	1.7144535300906691	0.050426252182028515	-0.09922465048853088	0.6862832928451437	0.7187676285058545
6.293569344147291	3.9587920544164374	1.6852323619333294	0.055882084951597424	-0.08884210599525504	0.6916996463398553	0.7145179298219951
6.277550908532514	3.962249502404232	1.6858878358819451	0.036755661953202234	-0.08690248428769817	0.6989131203940195	0.7089551676094217
6.226576528673204	4.119037190376313	1.6306714818462735	0.0383352072711286	-0.08626991129722057	0.6860203659114151	0.7214318899542892
6.185581327542735	4.176139777566517	1.6033447753646752	0.04594536467805786	-0.09009942303773867	0.6876260559703368	0.7189864564673986
6.146408683758904	4.281632623284019	1.5700234182033894	0.04726137202513918	-0.09101131458751506	0.6834740356494894	0.7227354605416524
6.148762424510733	4.276713847723349	1.5685281705985121	0.047342815348820864	-0.08407088556532301	0.6786426474172044	0.7281036335177006
6.12007162792687	4.344804678303404	1.5473361903305516	0.04963563626142636	-0.09044318613633125	0.6760062198522742	0.729638214744452
6.082667203503705	4.517409381227664	1.5125540784097797	0.04644734473327177	-0.1042767761038987	0.6699568249602481	0.7335712990717326
6.0992125308519896	4.570798004171013	1.514545319104269	0.04390731308506432	-0.08969252363838895	0.6655576802781056	0.7396352974837357
6.078825776140037	4.642224510497601	1.5243910904606532	0.05017499821241629	-0.09292818305095965	0.6709023407708021	0.7339869695692763
6.076495960910259	4.635430475422332	1.5314028613123543	0.06112988906843449	-0.0989252082053536	0.6685616984854627	0.7345081314473255
6.062113771351992	4.701104491633183	1.5307989389104741	0.05449451800583212	-0.09423319674632676	0.6761672383126908	0.728662005302094
6.049251510919945	4.781797083090012	1.5309426789478378	0.05214005794254507	-0.08637345327270754	0.6736283993466058	0.7321515010714825
6.000996475959532	4.953585186565375	1.547082212018819	0.052078912936613236	-0.08270780996222495	0.6761353632635689	0.7302658252602505
5.992460271640825	5.009369509323016	1.555212861059719	0.04797104073545533	-0.07948512092539774	0.6750718235496639	0.7318872371148192
5.993680878831658	5.013641576178762	1.5575518980127732	0.04975580607060008	-0.08541261167517582	0.6674668337857236	0.73804950465748
5.971347672962587	5.122707449068118	1.5741763647386837	0.037989457749013786	-0.07999317393230579	0.6506721854934457	0.7541774328693179
5.9868996415889	5.175489240324898	1.5793777727584877	0.03796801856682552	-0.09228906047692512	0.6438519897452927	0.758614377785857
5.961577039940462	5.21030404706564	1.5917004519114049	0.03784315641052855	-0.09088995554637311	0.6336987395731782	0.7672892668068749
5.9506870976279185	5.214309304725263	1.5916369819136562	0.04005073504415312	-0.09139218546400754	0.638510587822992	0.7631170528146207
5.8463644215121615	5.287233992558233	1.6147096552966358	0.030438053849215874	-0.08929190112743737	0.6448174608637588	0.7584925335401365
5.75661352328604	5.339818033525419	1.6184118087397985	0.04061531600354588	-0.09068218969318308	0.6495981444396015	0.7537568489367166
5.74764782862816	5.349684283716634	1.612547403599664	0.045098270290492425	-0.08690226720037462	0.6446085994262167	0.7582175779537239
5.704736184483757	5.402614583715421	1.6122956866737967	0.04867402973212495	-0.08334567843848167	0.6466696786690669	0.7566390575468008
5.65508303086091	5.531883481180634	1.606120760468062	0.040819367682499	-0.08473423174419295	0.6576663833591921	0.7474147559367303
5.688194418497342	5.6037118235147565	1.601880482665341	0.045574374451555655	-0.08969104452460601	0.6355026593109984	0.7655160762087779
5.724257901889266	5.670569306000274	1.6074979869621353	0.035156041099002146	-0.08091396833221588	0.6347233212651595	0.7676869726295369
5.740356536940088	5.680016073385638	1.6093318533586185	0.029110565334792143	-0.08469229591497654	0.6332243622806093	0.7687695994333117
5.7313017648413584	5.736334982127629	1.6135748088247122	0.037865078253598576	-0.08584864869303965	0.6206288336776765	0.7784703566445639
5.652002369789231	5.86699283859574	1.6099439107000104	0.03933951793326338	-0.09224715925484242	0.6051541538399701	0.7897666199760659
5.574934264047514	5.8926117536495894	1.6302886379250752	0.027962767580874355	-0.09321917462453543	0.6162089082028929	0.7815464481161287
5.447185866343238	5.888241031756384	1.6217100251655299	0.019362824849981138	-0.0798622175372891	0.6198084174590198	0.7804387438299055
5.432492770753278	5.889700478525933	1.618681488778707	0.027836840076912516	-0.08315841484585404	0.6097524379798206	0.787725683694852
5.373379738003656	5.9098127275500865	1.6132618843049127	0.0317957316725479	-0.0922069711225093	0.6109781606863415	0.7856160595915508
5.234194813484609	5.964651928960808	1.601063593404148	0.0326290353360494	-0.0917373018833726	0.590432017751242	0.801192639700587
5.236479242574466	5.97489739036661	1.598930082707573	0.034195214807508416	-0.09462662523155196	0.583183800705084	0.8060850722329055
5.160119599480341	6.068028041894799	1.5693874402006156	0.0363379031359684	-0.1022216887627177	0.5583837158827526	0.8224584542572033
5.084760591918575	6.071049038781029	1.5632029798474087	0.004111951495849199	-0.07554533714826141	0.5560166201615676	0.827720672687446
5.0904941713364265	6.081308908888884	1.5654535086668744	0.009512113096402755	-0.0823399342095108	0.5545828552586199	0.8279900431720244
5.009403170801923	6.089607845973387	1.528616715504485	-0.004134588546695104	-0.08622360943270398	0.5381066640430625	0.8384447581483185
4.950068847899466	6.072055712921806	1.5199888875468326	0.001414987841780042	-0.08536679083189858	0.5266964587976547	0.8457548989645172
4.95861277124085	6.076926443161365	1.5251752303072432	0.008750542759609521	-0.08759857389083617	0.5388642795945906	0.8377799269681189
4.917944995412187	6.0584008434778855	1.4961817728981188	-0.005947936459476212	-0.08198378166362498	0.5431021296398878	0.8356335072127155
4.881283551458505	6.071527264509665	1.4811115252984317	-0.0076048293522808525	-0.06930680377984336	0.5287611497218457	0.8459021102144009
4.8724885095741595	6.070943233848171	1.4864886916872124	-0.004198563223826708	-0.06739704318390183	0.5190003144379691	0.852102508064735
4.736047303215498	6.100423070544803	1.4734935440186239	-0.005000439172878527	-0.06965781747440995	0.5206320873145521	0.8509200983237336
4.667644703046876	6.1433192046221725	1.472749724720189	-0.0013791223687338549	-0.0870125795040811	0.5298082572276366	0.8436409897598339
4.644338358984799	6.14971263230257	1.4781195899498902	0.00794950338661969	-0.08219947628035942	0.5112526091086868	0.8554535762826062
4.484882696602106	6.166445844387985	1.5006584833229533	-0.01865893542111532	-0.059216121637946185	0.5097534725701885	0.8580773230133426
4.454828843305645	6.193713877918142	1.5184782223060824	-0.02062756870150597	-0.07852841464716609	0.4996787519498731	0.8623972033537007
4.45796779194239	6.198276059829488	1.519815263952753	-0.01480713000988866	-0.07652920443785358	0.4928234364223563	0.8666308846803458
4.413167121860972	6.2226129674782165	1.5277057576958593	-0.005751828576884629	-0.08337710786729234	0.4900447568721198	0.8676815721299217
4.32631715546166	6.203944939320044	1.5539786570636387	-0.007627218189738249	-0.09001572269092761	0.48760791475343307	0.8683763681036721
4.253042843862063	6.146267207623811	1.5663714408014875	-0.018647610652288763	-0.08399733842124489	0.49815578679226247	0.8628079310254912
4.152521817000082	6.111304654709495	1.5755641040844957	-0.020706330780539045	-0.08159492005111396	0.4937823652546174	0.8655012955802056
4.131436945220677	6.104927360858261	1.5744127284401892	-0.020445762228559646	-0.09119811778511042	0.507656935835547	0.8564749322761345
3.9697181794627294	6.044301911203152	1.5966928489926795	-0.020445771795270885	-0.09395749119066908	0.49339777544986435	0.8644724376438938
3.8859646054459844	6.055485369175657	1.6089518687824094	-0.02072477205207372	-0.08768828902050829	0.4904330033691686	0.8668083507894591
3.8262217948286104	6.057457556622165	1.6145364931060164	-0.023584930135541228	-0.09900662960082139	0.4696328016956691	0.8769757521944739
3.818650487958609	6.058380432153359	1.6111835905390173	-0.04128728677404868	-0.09312065268200352	0.470530099571945	0.8764846429868183
3.7252133603741515	6.089735859295584	1.6142291656529169	-0.040282525968168385	-0.08893043149298441	0.465757047658363	0.8795106986345648
3.716007180042591	6.0728244976477415	1.6038333043291377	-0.05274985276221637	-0.08178485308758265	0.47638884955029387	0.8738319946437954
3.644658926534287	6.076654763431282	1.6120290581046488	-0.03692819588436624	-0.09911673543628388	0.45890291569323055	0.8821679517378938
3.6325925841393563	6.068170070957837	1.6001637232577668	-0.03898421421250429	-0.09295310720082159	0.46801301303962656	0.8779543100466652
3.5795241525376755	6.06007589833638	1.5945304338445174	-0.040100865252882506	-0.08751353844320726	0.468666941655006	0.8781142288989868
3.5037228522009785	5.993130095921933	1.5713484160424618	-0.04358088579424639	-0.08059086191016154	0.45359697325536763	0.8864849717979065
3.4447887360277654	5.946102114195848	1.5603685584294558	-0.03710390500558198	-0.09581226743765817	0.4266998093674928	0.8985380249758695
3.4305273813858235	5.933375722807304	1.5623094854584891	-0.038512181346921304	-0.1064164107343382	0.43425838303760517	0.8936509476165103
3.2944697519777404	5.850633816397344	1.542737108659707	-0.044896205277880366	-0.11670052801422595	0.4140706063169982	0.9016156889146953
3.212528155248276	5.767131675410472	1.545523299153134	-0.05175636004222693	-0.1074276467134195	0.39192050188640193	0.9122384009226462
3.2159120973222253	5.7596661164511715	1.5503897438800749	-0.04468500673237664	-0.09754993798567205	0.37332503117739424	0.921474731541086
3.156399754393503	5.641588395966535	1.5457660659709338	-0.048435650638796825	-0.10981310386792567	0.35125144919824264	0.9285566700003952
3.1624805353909107	5.6256560477006605	1.5508549468584545	-0.06222331569438688	-0.09102438541894065	0.3599846047370906	0.9264199396577025
3.1652228920428467	5.462164321544102	1.5658406342259497	-0.06244478515171944	-0.09487087515069585	0.3370894123622652	0.934596647719624
3.1872647626225996	5.38487295495087	1.596247133060402	-0.05926005356273282	-0.10396249853423886	0.3361032805209985	0.9341919662324671
3.193575598662489	5.390652011033427	1.5934456966832187	-0.058011774232448944	-0.1080664444509783	0.3340072028092477	0.9345562937060927
3.202922156015065	5.326040587677496	1.6160787115994124	-0.06060562798757628	-0.10316631517667199	0.31780114727380815	0.940577535379487
3.1728629678138063	5.324221137324593	1.6112463403283765	-0.062244717952774246	-0.09068755461745415	0.3064216723246645	0.9455194980825311
3.1158469049771567	5.29132068211409	1.5941815222373614	-0.07287670918211984	-0.08572033014520791	0.30181082610983834	0.9467054639651542
3.109654167914484	5.297256873894294	1.592364636221067	-0.06389601137473941	-0.09174364598506568	0.29403872835916045	0.9492321261823652
3.042230228384766	5.203365902435033	1.5945079981376926	-0.058329173967289226	-0.09134147288388329	0.27019352473533437	0.956686940428682
3.07279281737023	5.131076108519257	1.5780877159809545	-0.05733693684061978	-0.10026945559848428	0.2623474306108483	0.9580356661417174
3.04400758310935	5.026841253231126	1.5874385431187374	-0.060027406222023114	-0.08435678251376619	0.25551182541882234	0.9612462487923281
3.05541603273613	4.945422747019623	1.5967909473347226	-0.05715812889272827	-0.07434512053747158	0.24903327521737237	0.9639440747202398
3.0754870460817707	4.9451202364577265	1.5944953965339703	-0.047887607151101824	-0.07237968949597913	0.2513617155813259	0.9639944219599094
3.1661298094363133	4.8361796625401485	1.5792058115139862	-0.045398041155647995	-0.06638638941429159	0.2500770790030672	0.964879950935378
3.2407348024604437	4.8090301638933965	1.5629687243290467	-0.04051333191657281	-0.08921064917084677	0.24569704494512937	0.9643822334099507
3.242802997620075	4.757134129237317	1.544779639657358	-0.034434127593642325	-0.08870957783173834	0.23793399734681026	0.9666086667128261
3.2184175861642057	4.668159784574777	1.5201590200051625	-0.0465436249315754	-0.07842496171113876	0.23667284298006286	0.967299944047641
3.2182675743012825	4.658940805589623	1.5151147519019008	-0.05274411660960159	-0.08104784403209134	0.2343389821545823	0.9673337307173654
3.2075869173279536	4.5933737772461445	1.4963329790534114	-0.04401761997040075	-0.09056825566505025	0.2271435046697229	0.9686411453599763
3.155480059430214	4.3900408260313215	1.4480102351717519	-0.04579595507236711	-0.09225615861022025	0.21669329432272455	0.9707911968559769
3.154219859575738	4.290638684140165	1.4255025747539953	-0.04121659395701928	-0.09474089315732097	0.20962855672765926	0.9723071653292561
3.1720570449593644	4.2831923595975026	1.4212506478161797	-0.04802731865987694	-0.09213087966137884	0.2263784988303814	0.9684823451888349
3.2071649858511893	4.138471307999604	1.3662862203867177	-0.042507738471717925	-0.07576283213119481	0.20805072784717396	0.9742525237738628
3.2270483757857154	4.139521638778754	1.3704867071196032	-0.04486977284847384	-0.09266782328073078	0.21908102083315528	0.9702591840965175
3.2443793937560246	4.078760293020933	1.3561801486041432	-0.03994912399294186	-0.1112493440367647	0.211070801688564	0.9702972573485573
3.268102857165284	3.973939487023837	1.3337668091187167	-0.04016413393751401	-0.10401951546178052	0.20197454649935473	0.9730226437830342
3.262112127860964	3.9736673307514905	1.3404729147844534	-0.04004609820076268	-0.08224654673752745	0.1874314447095014	0.9780088287447897
3.2814447252921726	3.9389522629241878	1.3377433497301514	-0.04376315227382848	-0.08188018798925285	0.18384006468060562	0.9785618283665742
3.3122580036931906	3.854638914331266	1.3498457834407966	-0.045207236956709695	-0.11047215877402664	0.17069744319431093	0.9780667619081381
3.26066311141949	3.7886553739122815	1.3809876576638027	-0.05558183745299212	-0.0841810267912026	0.17678417592005602	0.9790666827228849
3.274137098482061	3.7945764811585083	1.3827602110662658	-0.0464550567653815	-0.08605143024495414	0.16811927641090116	0.9809041685877359
3.2883259729470455	3.7564310593427623	1.3951201243640614	-0.0442599298252219	-0.08779911340164194	0.1656188140192367	0.9812760991385722
3.3607241025936383	3.6679942816423337	1.4299353374651516	-0.05662578994875359	-0.08074115778735201	0.16267654441297216	0.981738624711125
3.4230040781967266	3.622510906692708	1.4624423638229966	-0.04618647039413817	-0.09235448065204178	0.1527606411712443	0.9828538275679517
3.47017264391308	3.5438404945251514	1.509930833758927	-0.044196940556801165	-0.10117970497503086	0.16668321508116848	0.9798091669079182
3.4674349011714014	3.5224393225062016	1.5131801249038421	-0.044431152834522265	-0.09606998105160489	0.15433996302196365	0.9823317195392389
3.504192954088033	3.458673413368423	1.5390607290012444	-0.04508063867618442	-0.09627734704761322	0.14664903586419864	0.9834594392968736
3.536465205819195	3.3763741628363184	1.558026805242397	-0.053266139177496084	-0.08934766403860782	0.13524774062768433	0.985336369978838
3.6049785232471887	3.197877771187835	1.5986310738886444	-0.0483626328895276	-0.11762719640319164	0.1128323589525091	0.9854408948179131
3.6244439713362127	3.117643116075929	1.6004337392468562	-0.05598669396329513	-0.10314443890133718	0.12437894204358876	0.9852698075141173
3.636009664731831	3.129898841982837	1.599261513933438	-0.053383628447569505	-0.10367186488016603	0.12310202541937938	0.9855192661656526
3.7261211418965594	3.0550955520047394	1.5886531121949303	-0.054854872897043445	-0.09640898562174585	0.11514525181019974	0.9871361716583991
3.736172672916865	3.0755309194512206	1.5813314993120446	-0.046017831428411274	-0.08599172156111555	0.10240590323759466	0.9899499047909817
3.8001588523307404	3.057251249684194	1.5753910971417764	-0.04347227660927155	-0.09850404730050655	0.09480556220276656	0.9896560105446959
3.938627942340171	3.0229047690645348	1.5538858705763081	-0.048224144073203475	-0.09826152727612604	0.08339988233232214	0.9904865288396022
3.9632580593132687	3.0376757793867224	1.5508234598588897	-0.04439479518077783	-0.10664922402941028	0.0726382485659266	0.9906456127294238
4.040942918852379	3.0278365563974976	1.5408610868167876	-0.05684262616018954	-0.09616672928168457	0.06839450281912876	0.9913844198970446
4.1840183226487015	2.9853239269927143	1.5198114834491314	-0.07560470375842257	-0.07851603308313312	0.06053465878894368	0.9921969141273294
4.192050620356108	2.997827026444574	1.5147488961900701	-0.06563395799104511	-0.08280190958612428	0.04767325144589059	0.9932589231534229
4.27097004735433	2.9952140652748915	1.4965128862783592	-0.061725961531063245	-0.09436314804073537	0.028883464383268304	0.9932025208637602
4.399748256674539	3.0087895614134563	1.4477103615768798	-0.051141226237990896	-0.09057618267502043	0.01925611825585107	0.9943891250514619
4.378772715168584	3.010435255283116	1.442242085637245	-0.058531689185656086	-0.06746836049714738	0.023233942610575598	0.9957320149536564
4.456909324083142	3.0199788134902232	1.4197330111091628	-0.05664724670559854	-0.06493612983759715	0.013269633601556556	0.9961919018474651
4.544904761737358	3.0210837156314962	1.398830493728442	-0.05745918679027323	-0.07409658309796227	0.01475417771873079	0.9954850337732108
4.75787837577617	3.055750019038466	1.3557189538371155	-0.05812934957765228	-0.07206843065697556	-0.012201467015560654	0.9956295717901249
4.824812352853499	3.0666646899848575	1.3436074811755503	-0.06832712015049976	-0.05255226373869432	-0.024619754188370018	0.9959736602599396
4.816418070485524	3.0680975251964546	1.3448616065703778	-0.07370337716544392	-0.03470226508805547	-0.029789068665520578	0.9962309854547825
4.922698709344167	3.089258827436481	1.3047815842672585	-0.07693728662445533	-0.05659291795527248	-0.047967970048015715	0.994272080174057
4.94199715195011	3.0826312910652653	1.3086636997345675	-0.08562489546654763	-0.07080403285149638	-0.06379973610939334	0.991758418104267
4.92288817502491	3.0883517346287723	1.315150118115033	-0.07681775420132221	-0.05393498330812003	-0.06954954053267387	0.9931530152130191
4.982326360319794	3.14488038579407	1.309133801311174	-0.07758112716428507	-0.06248691648953676	-0.0685351255313744	0.9926628282271613
5.033048614004924	3.216189379466598	1.3059281592974386	-0.08420160887794766	-0.056674294841053754	-0.06623634339286194	0.9926282588061739
5.047191903639398	3.2379623436509726	1.3114853779301652	-0.07866527248668782	-0.061548212669886894	-0.07172409066818136	0.9924108258375456
5.181531584617605	3.395687040446885	1.328312123512971	-0.07885246659235035	-0.05942252665093954	-0.09305963821915889	0.9907528226420751
5.193417031988563	3.4121944406955396	1.3364421629998853	-0.0838365767016991	-0.056200165857474414	-0.09468970324728046	0.9903771149736215
5.25122870409947	3.493570336360211	1.3438802083452706	-0.08146671424948336	-0.0396080973442931	-0.10930237571931913	0.9898723977141045
5.3157369547630715	3.5711725823448774	1.3525147322320388	-0.08337959753175482	-0.03237351483559828	-0.12805697916140396	0.9877252696679817
5.4181089059049246	3.7310364284683595	1.3580310793199326	-0.09432924028844572	-0.039211310207213905	-0.1487740801906762	0.9835805715048748
5.4083968618220455	3.7945443767496023	1.3783657481217668	-0.08888998709489085	-0.02923269927734491	-0.1701695980872123	0.9809619398193115
5.416561753754793	3.7901255483790237	1.3744770225792724	-0.0806966278275956	-0.051679918130152276	-0.1790175345454039	0.979167995108398
5.421654847127988	3.83928640427813	1.3809560126571485	-0.08736758347672267	-0.04472492007576227	-0.16405861389381182	0.9815555807435945
5.396614861077821	3.948869856023983	1.3951363052781431	-0.09240828800128731	-0.029866850093714384	-0.18971324023368796	0.9770248543687029
5.356155597737085	3.9572927953724824	1.4055630476936682	-0.09532597597264708	-0.03136182288738802	-0.1932737111378944	0.975999317086353
5.327139400894826	4.06203541336856	1.4167704251824436	-0.09670152772424469	-0.03964938001740794	-0.2005324161388295	0.9740962433340737
5.31520373153389	4.076761731681353	1.4263431218299147	-0.0996276020043824	-0.02845661589901313	-0.20827964115417769	0.9725657576797153
5.297834266253133	4.134153456863896	1.4351307376483546	-0.10382711739163164	-0.02677166314266857	-0.22307182362152847	0.9688870776581164
5.27516783640036	4.220310111402415	1.4385701505182538	-0.1014144952193919	-0.009985363778196255	-0.2376091858096757	0.9660006560497127
5.28513212497773	4.4188210088934365	1.4318486705426519	-0.1020453208600522	-0.019136810341229604	-0.2488245267991955	0.9629677511961076
5.28946163034456	4.416256863689648	1.4424580806628324	-0.10877155948459598	-0.035017873764574756	-0.24068284968476517	0.9638538593749145
5.291053481450746	4.568653574577874	1.4478608679408191	-0.11154427315005531	-0.027307256415496885	-0.2652576394071804	0.9573142501867472
5.266905147736366	4.606115629022046	1.4373030253470123	-0.1172369026024472	-0.03727221546583339	-0.27192915907530557	0.9544217218122445
5.214390287550901	4.638287103723747	1.4097996534826118	-0.12043212795523417	-0.014878723467086604	-0.2951607871489087	0.9477103122124397
5.203853674211489	4.645325195176528	1.401892530742764	-0.11200219897315343	-0.029895354794404225	-0.30885417494099016	0.9440184711161189
5.153433543812554	4.68645418307395	1.386308523884247	-0.12388783659059437	-0.03417206522218043	-0.3005805905408202	0.9450584016310761
5.0984516275572584	4.735637357707755	1.3652614194384094	-0.13378975393783624	-0.036504852418752474	-0.30801674097421927	0.9412190949883872
5.032653373774023	4.790071214561818	1.3496100139741942	-0.128353274636336	-0.028423586385731812	-0.31049066083155563	0.9414420248552141
4.976623701237234	4.851186997338189	1.3377014592059062	-0.12339097147315975	-0.021041442309337022	-0.3273527414323975	0.9365746678942082
4.868320025993236	4.998541037056935	1.3004759061328532	-0.1210761423583529	-0.004547332048703082	-0.3468267895499809	0.9300704637678328
4.844753277607602	5.040549964238709	1.2549799793258682	-0.13316202953851275	-0.027075895685728962	-0.3454122428658341	0.9285607962004391
4.839898345615094	5.037033936148846	1.2547819127516568	-0.12744363523844976	-0.04398633370448895	-0.34895411058511017	0.9273911531765873
4.785577601887468	5.070563109231461	1.2444512030393886	-0.12492890183773138	-0.03494198497693624	-0.35521993447150446	0.9257378815439874
4.678872901971419	5.0709869299781545	1.2498943335275463	-0.14186861637067558	-0.04261375111678753	-0.3686543840823891	0.9176880237867662
4.594175989790552	5.030481441700017	1.2550497571203112	-0.14222666978595824	-0.026291762420674672	-0.3834204882551073	0.9121781880842281
4.503907300262997	5.000679361916477	1.2418156093055353	-0.14020519830365788	-0.018939951769566976	-0.39160658212378585	0.9091908850362087
4.428919792625116	4.994645564414618	1.227875006946326	-0.14533490251006834	-0.028209827846020816	-0.39826020723037786	0.9052462532715078
4.411570522475134	5.008777511811369	1.2361104311957476	-0.14614024937604678	-0.030386384262316504	-0.3997592413202861	0.9043850088003441
4.338551373240803	5.004049664933366	1.2461078665196799	-0.14668995815998875	-0.037237724048071144	-0.41486138352424096	0.8972098085415097
4.182122821418041	4.984929582659129	1.2877034847586901	-0.16021379813970102	-0.06194829917706653	-0.4375201517240154	0.8826494570043727
4.084784722300448	4.975314356164051	1.302195407197934	-0.15772615904060136	-0.061228395198209364	-0.4558805973309251	0.8738114346659405
4.076370463210667	4.987139838363222	1.3025842074699074	-0.15572515672710577	-0.03573827226146155	-0.45988277518737	0.8734874266662609
4.008788523480033	4.970546745519787	1.3103124856335455	-0.1601781429271345	-0.02837458151037999	-0.4657900232711311	0.8698146353526158
3.867777298356745	4.951938760609641	1.34265819521126	-0.1581471826151068	-0.019180237153490494	-0.482013122597315	0.8615595956041726
3.84654177685417	4.916004032691365	1.3595476427118078	-0.1567840064660243	-0.047605098666544055	-0.5004450543056372	0.8501219192083201
3.829897962056636	4.882413639009831	1.3745588353806888	-0.14880192070138298	-0.049503191431658315	-0.5167805035809369	0.8416325406923693
3.8176681871960483	4.868482091625044	1.371750627031837	-0.1542011609554989	-0.03416081800958444	-0.5095572844455691	0.8458170099621722
3.772448634963869	4.820288487019704	1.3757421875529687	-0.1530702482419333	-0.030505336312335506	-0.5122314833906308	0.8445459318373736
3.666285674845136	4.7117876880014515	1.384552292225117	-0.16186292507150957	-0.05114174274875973	-0.5333412443536583	0.8286929664883164
3.592705011594191	4.65991206815198	1.3831178351365208	-0.18000078441705586	-0.06509399663967162	-0.5237102769716281	0.830114471024942
3.529736349989384	4.642346943944576	1.3760537805972572	-0.16866117974988318	-0.0513723223051488	-0.5352304472867415	0.8261008771594349
3.4496740436326796	4.621400916618583	1.3658380101003555	-0.1576298881421645	-0.04279371560953944	-0.5612021246312503	0.8114022994655542
3.435971455134352	4.615951340086219	1.3612194857138873	-0.16937768091122446	-0.02139586717846312	-0.5476131640703317	0.8191295627760585
3.378570172294671	4.571705948506726	1.3540334804886538	-0.17403634335418247	-0.04108344453543607	-0.5684039351160253	0.8030818565511401
3.307141914074101	4.498349019459073	1.3427162760359932	-0.17211463910652106	-0.06487683268626604	-0.5899915178464096	0.7861790867576675
3.315942760396869	4.439010638973655	1.3267368482708415	-0.1639824012007292	-0.05333804319407145	-0.6045681418942278	0.7776645723261612
3.3269257073040777	4.408972340410698	1.3232713349842735	-0.16380233166851738	-0.055167833397951546	-0.6018183720407074	0.7797050425464782
3.338509805050337	4.242397703578083	1.2894702003335334	-0.16078379353966266	-0.04707309027382376	-0.6194148989360401	0.7669797121717906
3.3781902796913954	4.14322754708355	1.2622400243456258	-0.16932120105180318	-0.06104703928680929	-0.631436918454533	0.7542486379711487
3.369042792040213	4.075796522457456	1.2365559074611614	-0.1712539033111737	-0.06740857741939518	-0.6337651414563538	0.7513121387052044
3.365866092491148	4.065937157069941	1.250059808432739	-0.1744715948067786	-0.06157844817410542	-0.6308942566375437	0.7534853643355054
3.3609493528092487	3.9940970566899625	1.2398017702110462	-0.1808952461773016	-0.06058704791637959	-0.63697877129233	0.7469030489013584
3.3611269154620462	3.913156043853092	1.2281520216877289	-0.1730119756780522	-0.05540267401569776	-0.6476286570351192	0.7399827853205607
3.36342520912825	3.8312416105959786	1.2204164289072614	-0.17094492492165822	-0.05357198322866845	-0.6615230784641276	0.7282136306852677
3.4073339710009956	3.6964222459745217	1.1881686443044492	-0.17383503232512607	-0.058179543548784456	-0.6842213671565002	0.705859506541824
3.450894818355475	3.6668752262014555	1.1853946817491319	-0.17011265885677437	-0.032622882481211056	-0.6918757555420776	0.7009317867869705
3.46755672267291	3.6752543460036087	1.1865727452965498	-0.16539749360207937	-0.041060982083567926	-0.6940928155655846	0.6994232111109284
3.512621738283384	3.641414238056367	1.1834031579994426	-0.15841100320936724	-0.04781215205575419	-0.7032441686974936	0.6914243207835332
3.6389714961016626	3.569336918800795	1.1963780501041117	-0.15561171404255653	-0.04332232656387895	-0.7172312109773858	0.6778551176127114
3.718988041532054	3.547109113960855	1.2160427293802138	-0.14278732200765593	-0.038692439465598624	-0.7354338623726735	0.661250111438701
3.740834523849206	3.537353795603283	1.2118313688439615	-0.1602443142706177	-0.04584492431826556	-0.7254052917763506	0.6678376788719392
3.884797562069551	3.457011049259866	1.2391813363943192	-0.17227764719309926	-0.04890324872132431	-0.734971965477452	0.6540222431265783
3.9159140976544506	3.3944098367704685	1.265456479968544	-0.17719169246617883	-0.04223200319661423	-0.7382320206838141	0.6494867555724788
3.9193587761881195	3.382413529324775	1.2657825445477373	-0.17185960710677914	-0.04352705401494121	-0.7506071921900027	0.6365206312811268
3.977708218411626	3.2735213121785645	1.2971651697184445	-0.17923952759680264	-0.008827139406363291	-0.7549667853410553	0.6307300741113973
3.9748592779104994	3.2692844403109684	1.2996817208509623	-0.1811780964580913	-0.022124909186705084	-0.7655744480398504	0.6169122711259527
4.011985962807555	3.225575231047811	1.3128310647052988	-0.17448444357855938	-0.0260823623636324	-0.7827492151844159	0.5968069666573889
4.156514707698403	3.191893262774872	1.3388451752023662	-0.16065463440655814	-0.025939695558698496	-0.8008033561814638	0.5763950081034023
4.267430082387826	3.2280402403137027	1.3638496111954124	-0.15470170403613892	-0.008667474248688896	-0.8035988531281287	0.5746487108744087
4.290100536101448	3.24235869014295	1.3563076432446923	-0.15982479374322328	-0.01253156725947363	-0.7998816068599548	0.5783497299507407
4.486339114688784	3.3144148434409213	1.3687093668963801	-0.1651309335444597	-0.023992654753941908	-0.8186199354413023	0.5495612146091391
4.579439566258064	3.3840159928499367	1.3491975144955575	-0.18342724840700556	-0.010092117295213794	-0.8145421896897015	0.5502486846198195
4.580505388214539	3.3928690494185125	1.352526743051014	-0.16126406260937098	-0.0005920940268818012	-0.8225688437648666	0.545320134235584
4.646658860550909	3.423061586494634	1.3443720113074011	-0.14052059673441167	0.002456615298587158	-0.8375402259978428	0.5279908112554257
4.746131212729874	3.469227026225735	1.3295929707911471	0.11873939903619962	-0.0237404772357301	0.8627384185659893	-0.4909376396115876
4.727884266962098	3.4811064681985515	1.3203854250547977	0.12072462965865342	-0.032366321285605355	0.8700097806251075	-0.4769286808914615
4.725301270299027	3.4795759348900703	1.3174466816017332	0.13484846105784642	-0.022990816290926367	0.8648423643747231	-0.48304761638925975
4.7627844586038774	3.5142138521131225	1.2872734446707317	0.1207794172597261	-0.01981995901749899	0.8781560988119049	-0.4624514760603549
4.786351235297349	3.5237895428085046	1.2766801436365505	0.11388220737217011	-0.014702576297283599	0.8868818913385113	-0.4474988133057886
4.791942044293877	3.5314984035825554	1.2804728800227607	0.12371703075213734	-0.00309708820861578	0.885032722254848	-0.4487778792283276
4.881080246928663	3.612919643579912	1.251023055448442	0.11785429965304645	-0.004232365727387374	0.8998521813336421	-0.4199505957642222
4.8990484421059595	3.6363100942496396	1.2464319964626285	0.12111668508054038	-0.0036102106466788645	0.8998991093886205	-0.4189263752686801
4.951607375230945	3.698922949379074	1.240273219049436	0.12325275322246565	-0.011144878268715573	0.9047453507403779	-0.4075787050682698
5.007820115081381	3.7538286842459025	1.227238110466432	0.1375380183180329	-0.014867717866696585	0.9019710890624956	-0.4090359384919619
5.102992768289136	3.935545695169968	1.209130266402986	0.11763529299783207	-0.024023403800249282	0.9249550350852864	-0.36061474870218563
5.103329981382926	4.058488029135622	1.1901010545079607	0.1328481137679713	-0.025822992801615638	0.9291395740125434	-0.3440700564054487
5.099764880930897	4.122934312897156	1.1846416558498059	0.14935609126461868	-0.0318156021273775	0.9367582855000338	-0.3149038583607129
5.062818583605734	4.184991188994292	1.1716548131239048	0.13148817927458836	-0.03193785867421239	0.9473569177295642	-0.29018218815823116
4.968173874173741	4.2504079175791	1.1867078316107555	0.11676046005399074	-0.04532879651563537	0.9532899577487418	-0.27486460599689094
4.865802418353423	4.272205049749141	1.1840096751757387	0.11554490234414488	-0.042850786030026095	0.9588212883296067	-0.25588068064010583
4.849607782755589	4.281293858316757	1.1810862592279434	0.12934461038832742	-0.04599958156645815	0.9548649564532009	-0.263413980640415
4.688128428220352	4.365195734541815	1.1846144590753191	0.13517411186734465	-0.045618461270778	0.9638420035487385	-0.22506778460569263
4.63173657874214	4.398474605421488	1.1939010071948033	0.11270774599345626	-0.05787003741529908	0.9679862976928388	-0.21668075650951757
4.637687118673515	4.387290597278958	1.19924598911576	0.10512393555617847	-0.038550263333149884	0.9725818178213637	-0.20383189891039258
4.586373183699293	4.443957926127733	1.2246487643223247	0.0886764217353958	-0.027402606845947898	0.981902145471997	-0.16508714693682716
4.595054469688933	4.515129328683265	1.2415599424899548	0.09367648517407817	-0.058264809180387865	0.9765697423547945	-0.18477409573231124
4.588240260252284	4.565548749820383	1.266096218161399	0.09059549941767826	-0.05472594637822351	0.9816210402195449	-0.1588006916753431
4.553232643908032	4.585875189248065	1.2811391375195862	0.10371007581603536	-0.0481317745233626	0.9835130842579806	-0.14010555145610176
4.553149593735245	4.587190121306978	1.287439258612243	0.08198225715947555	-0.056386720111341854	0.9864324884470436	-0.1305771536000678
4.489082125874022	4.579312057855552	1.2970438322262283	0.08721953268725563	-0.053553809991688114	0.9879990468816297	-0.11568330006609362
4.277157456163847	4.5453233506523745	1.32061488094967	0.0828483756803566	-0.04167992350069674	0.9926839573784232	-0.07731423793593868
4.119238819846173	4.53175070220741	1.3162695581073938	0.10688100817000006	-0.04871178427821317	0.9907140995032028	-0.06847762562001332
4.130172877541138	4.53392643762059	1.3207457913494753	0.09010262869886741	-0.045684756903329446	0.9927237554404927	-0.06552835014222587
3.999707578330773	4.522776694222233	1.325166310914173	0.0744389155372421	-0.060484260828529444	0.9939354140753855	-0.053785636488352793
3.9459794578579532	4.502947207793935	1.3284955664834828	0.0852000652190919	-0.055147020137591665	0.9947012056894082	-0.01640934053042861
3.9522154304823225	4.4977564197348485	1.3342685139477133	0.0844915411447209	-0.05435542750400849	0.9947743543853768	-0.018183806889726817
3.898325919337165	4.496263281411781	1.325335953637438	0.09055804233096379	-0.06657418699195698	0.9936068700398046	-0.01060690365968153
3.8451519456558625	4.483642880963569	1.3191950484610182	0.08965203321548001	-0.0616605919985473	0.9940141913744784	0.009811813331911902
3.7728516168489605	4.404248965374506	1.2987175114482539	0.08324358064695134	-0.055446182372839374	0.9938557415847133	0.04740244783185177
3.761858598696097	4.3369404209972275	1.2860589313238542	0.07818300130545414	-0.059591830909062456	0.9926530731962828	0.07054153577681695
3.755544092459489	4.316396836812978	1.2833909165199386	0.06747318073624872	-0.06475434549918882	0.9931865269499945	0.06953249100465685
3.73552567465813	4.235677226740641	1.2746052961362235	0.05701843775506374	-0.049551385938198696	0.992934006295487	0.09151839732845486
3.6982031733034235	4.073092761983931	1.2576901199625803	0.03936258816447474	-0.06752891700904054	0.989938265491502	0.1179519501163774
3.7453613007880135	3.981461813205914	1.2483372400631467	0.03850190190833024	-0.07622838256954377	0.9831627391483879	0.16154833824744647
3.752014901605365	3.9784080424665316	1.245620875946922	0.03886852716374498	-0.07416280951161384	0.9819675345424267	0.16949594799325796
3.7999418967717373	3.8414509222205258	1.242634570472873	0.020827050665940185	-0.07683201296901045	0.9687448174697302	0.23493946958573644
3.8361165130468096	3.831614913846598	1.226104988103964	0.04309130330504192	-0.07666818536858173	0.9610523944412656	0.26199890089554134
3.859217129833867	3.8395813535395713	1.230194690398546	0.029069518563890163	-0.06955804302304107	0.9635244693201088	0.2567824736283045
3.9011177952419427	3.824763491623992	1.2272084093603786	0.03365928032068691	-0.07124711123116427	0.9572275559023499	0.2783995477918761
4.059196100832537	3.8218129004417767	1.2266708464590952	0.011595685276660005	-0.08565175896049035	0.9425702173038016	0.3226309063338523
4.093006184368664	3.816145663163505	1.2321145881521325	0.002701100831607322	-0.0682361882631035	0.9428284047234234	0.3262071824964987
4.17742598919766	3.825178426859841	1.2295940404705095	0.014211306419914365	-0.07716219866976773	0.9405522402480022	0.33046258068161183
4.382250219790761	3.87545131381557	1.2293708807396906	0.0007999305753365047	-0.07901475866540286	0.9259995026900223	0.3691624967977573
4.456025297504287	3.912620726674837	1.2215050075440943	-0.01288217851720626	-0.07669493139166735	0.9165042978019162	0.39239241721278806
4.4794879374180985	3.9383671790149144	1.2177134777478584	0.006733185854288044	-0.06477034174126231	0.9020320287042486	0.42672905482363094
4.476372300241932	3.9382536103530272	1.2220911658742817	0.011508336159651883	-0.06680210804722	0.9024396590589457	0.4254499950838613
4.527672785136699	3.950181728981634	1.203456395284373	0.01388455776715795	-0.06885844264599852	0.8860872139305316	0.458165017478208
4.534950726489345	3.95956398863313	1.2078501505698866	0.0005872525033918302	-0.05091015081395964	0.8738608603254355	0.4835028525974661
4.514882327705989	3.9651169299160207	1.2082159802600512	0.004181659109651177	-0.042125012560961315	0.8806483844746728	0.4718754284405773
4.508569451396341	4.016965111510533	1.2043308923520732	0.024252795621635126	-0.04406293464042494	0.875473725507755	0.4806412546182245
4.511500314329886	4.0179922114169955	1.1956268749308276	0.03939876312759271	-0.05357159344243458	0.8736580187756137	0.4819745720150843
4.529637287177485	4.053841934878992	1.1812660663638046	0.01913114225341593	-0.06573255866359468	0.8747352613004908	0.4797410267687962
4.502627414634327	4.043633348028094	1.1489364363335524	0.02172357846466246	-0.07653033473448852	0.8785289198252761	0.4710181854607636
4.47215388615824	4.033725771020906	1.0980651137551753	0.029517538813131655	-0.06291603377985475	0.8759447030372535	0.47737947674445047
4.494050979599198	4.023832990273178	1.0964408645758432	-0.006040015109534844	-0.05639355793535898	0.8900456255492838	0.45232960248192017
4.462482250779945	4.037743226531427	1.0345089439149326	0.006125169766770328	-0.05242506800894862	0.8998597333978811	0.4329740809201858
4.431109601177771	4.080927011434442	1.0143648238751402	0.08306969543689441	-0.06253757319642109	0.8896821889193076	0.4445830410153689
4.48948872645901	4.044441400791189	0.9648370005526989	0.04664335372863405	-0.04447831800585304	0.9011144269863601	0.4287643481650023
4.494620764581992	4.043203068945665	0.970819475654329	0.029556478380152098	-0.038883609528966606	0.8983734571600059	0.4365084317239945
4.472993336146134	4.049350468009914	0.9387804708648869	0.038627106905506914	-0.06450717768047733	0.9081164412594844	0.4119117620971984
4.475033086837701	4.0437626637821324	0.9489642589362064	0.0639264607644609	-0.055733792369349396	0.8840505453094285	0.45963222835258427
4.4956606609793095	4.02388251004341	0.9376680748132908	0.050644710628168645	-0.03555670087270494	0.8785589604667993	0.47360847468339806
4.5103586049145274	4.039923654390869	0.8886985593155068	0.04427542489894027	-0.04316856124957322	0.8942342978500606	0.4433070974147257
4.51047183401752	4.05001826967437	0.8903754251566507	0.04374565766364284	-0.07660397520029887	0.9001057816214986	0.4266470793415072
4.502742795456829	4.04664456611136	0.8112397090869816	0.046547338164735705	-0.0639050264124264	0.8945303221775872	0.4399602204902922
4.524544132466286	4.052366813646266	0.7554708864616669	0.04251284158541104	-0.03662974339538574	0.8948097339370987	0.4429068302143695
4.525398053784967	4.051878558203798	0.7519348667366207	0.05461571848013186	-0.049624291650054546	0.9010255625125382	0.42744296540251203
4.585973835958828	4.034793104849609	0.6482121355446159	0.09542745919218558	-0.02737542690917648	0.8910218032906089	0.4429721572451427
4.609087617164036	4.040412946580938	0.6567464508312965	0.08427213618457319	-0.04814294074158218	0.8945867874574198	0.4362280871588327
4.628904433258915	4.023711945148919	0.5905807339006681	0.0747906623392572	-0.025817955618186485	0.894844739414184	0.4393093242093929
4.635834384054001	4.009216320849108	0.4581527825049837	0.05725670835518121	-0.02884318546925346	0.8939326618562777	0.44359230839461744
4.618489785062539	4.019323657550181	0.46054874002837654	0.061505793782578005	-0.03866645548779409	0.8955946143799225	0.4388988827108851
4.609795989486649	4.0137193923066095	0.414076660265118	0.05287852454677213	-0.04729089274140086	0.8986718871953117	0.4328467075886042
4.557514876102586	4.020249021746737	0.3016621829491229	0.04377080308626337	-0.0372799326840928	0.8954093357090449	0.4415160755185929
4.556145872234026	4.033315624853235	0.31759273263348053	0.04926309133431023	-0.032461240716006506	0.8975377205852477	0.43697306073716097
4.521793687355818	4.030114226109028	0.2629748134703393	0.03748929671791898	-0.01854995913544455	0.9001399926927485	0.43358787483365785
4.507670383506009	4.040500566564115	0.27204497852464593	0.028087603608135035	-0.02292484568087244	0.8998481499204313	0.43469396712956276
4.502978193838274	4.044998041230395	0.2824745894112243	0.04219699487916908	-0.027793257526127803	0.8978171517811967	0.4374600672367172
4.512174019538209	4.041092409651332	0.30848143083667023	0.04233028618062641	-0.02195048943996952	0.8975749476501202	0.4382756395649839
4.54738328623217	4.017502983860853	0.35410359096898164	0.038886414529759016	-0.023569833490786427	0.8968058652724339	0.4400812989973526
4.54404197285017	4.012149171656059	0.36380380868940376	0.039893026026591664	-0.02463278293373915	0.8935348157705637	0.4465392541370194
4.548811823742003	4.00768150074507	0.4526081573712538	0.04608508524167689	-0.031518227184543016	0.8822386163946749	0.46748025628407036
